L_SFE 1 16 50 0 0 30 0 0 0 0 255 0 18000 -28000 32767 -32767 -8500 -1 -1 -1 -1 -1 -1 -1 -1 -1 251 251 1014 0 174 0 0 1286618915 4844 0 -54 1865 72 5184 5184 0 -1771 0 4844 -31715 21 0 244 255

L_SAA 2 15 50 0 0 20 0 0 0 0 255 0 25000 -8000 32767 -32767 4250 -1 -1 -1 -1 -1 -1 -1 -1 -1 251 251 832 0 -1888 0 0 1286246884 -8823 0 1889 2051 13 -8000 -9216 0 -2382 0 -8823 -31867 21 0 244 255

L_HR 3 17 50 0 0 40 0 0 0 0 255 0 20000 -9000 32767 -32767 1500 -1 -1 -1 -1 -1 -1 -1 -1 -1 251 251 -347 0 -261 0 0 1285766844 3542 0 241 2350 -105 3199 3199 0 0 0 3542 -31931 21 0 244 255

L_EB 4 18 50 0 0 50 0 0 0 0 255 0 12000 -22000 32767 -32767 2500 -1 -1 -1 -1 -1 -1 -1 -1 -1 249 251 -591 0 -7 0 0 1285838850 -4737 2 -17 2236 8 -4708 -4708 0 -31 0 -4737 -31579 21 0 244 255

L_WR 5 19 10 0 0 20 0 0 0 0 255 0 5000 -21000 32767 -32767 -2000 -1 -1 -1 -1 -1 -1 -1 -1 -1 251 251 -316 0 2 0 0 1286750926 1575 -1 15 1223 -103 -1018 -1018 0 11 0 1575 -31562 21 0 244 255

L_WFE 6 20 15 0 0 5 0 0 0 0 255 0 25000 3000 32767 -32767 16500 -1 -1 -1 -1 -1 -1 -1 -1 -1 255 251 -3495 0 669 0 0 1286642917 8779 0 -8534 2019 130 3731 3731 0 10161 0 8779 -31927 21 0 244 255

L_WAA 7 21 10 0 0 5 0 0 0 0 255 0 1500 -18000 32767 -32767 -10000 -1 -1 -1 -1 -1 -1 -1 -1 -1 255 251 -5628 0 -463 0 0 1286102872 6235 0 236 2009 190 1500 5900 0 -15032 0 6235 -31713 21 0 244 255

R_SFE 8 9 50 0 0 10 0 0 0 0 255 0 16000 -20000 32767 -32767 10000 -1 -1 -1 -1 -1 -1 -1 -1 -1 253 251 4153 0 2104 0 0 1285910856 -5800 -2 -1876 913 -419 -4027 -4027 0 9585 0 -5800 -31843 21 0 244 255

R_SAA 9 8 50 0 0 20 0 0 0 0 255 0 10000 -20000 32767 -32767 15000 -1 -1 -1 -1 -1 -1 -1 -1 -1 253 251 -3163 0 2792 0 0 1286138875 11799 0 -3090 1520 110 10000 17098 0 29854 0 11799 -31721 21 0 244 255

R_HR 10 10 50 0 0 40 0 0 0 0 255 0 4500 -22000 32767 -32767 -2000 -1 -1 -1 -1 -1 -1 -1 -1 -1 255 251 2513 0 -448 0 0 1285502822 -11588 -1 465 1664 -228 -10045 -10045 0 4 0 -11588 -31830 21 0 244 255

R_EB 11 11 50 0 0 40 0 0 0 0 255 0 20000 -17000 32767 -32767 1000 -1 -1 -1 -1 -1 -1 -1 -1 -1 251 251 6612 0 1 0 0 1285766844 663 0 169 1347 491 3315 3315 0 -2564 0 663 -31814 85 85 245 255

R_WR 12 12 20 0 0 30 0 0 0 0 255 0 20000 500 32767 -32767 12000 -1 -1 -1 -1 -1 -1 -1 -1 -1 251 251 -6541 0 5252 0 0 1286090871 13719 0 -5151 1233 -430 500 -2206 0 -52 0 13719 -31824 21 0 244 255

R_WFE 13 13 10 0 0 10 0 0 0 0 255 0 30000 6000 32767 -32767 0 -1 -1 -1 -1 -1 -1 -1 -1 -1 251 251 -8641 0 -6928 0 0 1285718840 4946 0 4590 2428 58 11042 11042 0 12404 0 4946 -31513 21 0 244 255

R_WAA 14 14 15 0 0 10 0 0 0 0 255 0 16000 -5000 32767 -32767 0 -1 -1 -1 -1 -1 -1 -1 -1 -1 251 251 -8202 0 1320 0 0 1285934858 8201 0 -871 2649 213 11271 11271 0 9159 0 8201 -31871 21 0 244 255

L_HFE 15 23 70 0 0 20 0 0 2196 0 255 0 18000 -20000 32767 -32767 25000 -1 -1 -1 -1 -1 -1 -1 -1 -1 255 251 117 0 451 0 0 1285934858 -17324 1 -431 1188 -67 -17202 -17202 0 269 0 -17324 -29803 85 85 245 255

L_HAA 16 22 50 0 0 20 0 0 5000 0 255 0 8500 -4000 32767 -32767 0 -1 -1 -1 -1 -1 -1 -1 -1 -1 251 251 1540 0 -497 0 0 1285574828 -1355 0 609 2963 247 157 157 0 1553 0 -1355 -27945 21 0 244 255

L_HFR 17 24 50 0 0 20 0 0 3000 0 255 0 18000 1500 32767 -32767 -3000 -1 -1 -1 -1 -1 -1 -1 -1 -1 249 251 5129 0 -688 0 0 1286342892 3316 -1 1186 2889 369 5681 5681 0 -1197 0 3316 -31157 21 0 244 255

L_KFE 18 25 50 0 0 20 0 0 -3391 0 255 0 12000 -25000 32767 -32767 4500 -1 -1 -1 -1 16777215 -256 -1 -1 -1 253 251 -119 0 4777 0 0 1285358810 -545 4 -4780 2618 -347 -678 -678 0 327 0 -545 -30081 21 0 244 255

L_AR 19 26 40 0 0 20 0 0 3000 0 255 0 6000 -1000 32767 -32767 11000 -1 -1 -1 -1 -1 -1 -1 -1 -1 253 251 -6963 0 -1573 0 0 1285814848 7653 0 1496 949 376 6000 10012 0 -1525 0 7653 -31428 5 0 240 255

L_AFE 20 28 60 0 0 300 0 0 -720 0 255 0 13000 -6500 32767 -32767 0 -1 -1 -1 -1 -1 -1 -1 -1 -1 255 251 -4750 0 -152 0 0 1285718840 3597 3 197 2187 237 3573 3573 0 14 0 3597 -31352 21 0 240 255

L_AAA 21 27 60 0 0 300 0 0 15000 0 255 0 9000 500 32767 -32767 0 -1 -1 -1 -1 -1 -1 -1 -1 -1 253 251 1415 0 -568 0 0 1286366894 -841 0 588 2558 10 2059 2059 0 2297 0 -841 -31850 21 0 244 255

R_HFE 22 30 50 0 0 20 0 0 7686 0 255 0 13500 -30000 32767 -32767 0 -1 -1 -1 -1 -1 -1 -1 -1 -1 249 251 426 0 -513 0 0 1286354893 910 0 508 2215 43 1337 1337 0 -927 0 910 -31665 21 0 240 255

R_HAA 23 29 70 0 0 50 0 0 -5000 0 255 0 -2000 -16000 32767 -32767 0 -1 -1 -1 -1 -1 -1 -1 -1 -1 251 251 -1370 0 636 0 0 1285994863 -8741 0 -624 2606 -254 -10112 -10112 0 1395 0 -8741 -31883 17 0 240 255

R_HFR 24 31 30 0 0 20 0 0 2436 0 255 0 -8000 -23500 32767 -32767 0 -1 -1 -1 -1 -1 -1 -1 -1 -1 255 251 660 0 1040 0 0 1285946859 -13187 2 -867 1833 -91 -12984 -12984 0 105 0 -13187 -31465 21 0 240 255

R_KFE 25 32 50 0 0 20 0 0 4590 0 255 0 21222 -15000 32767 -32767 2000 -1 -1 -1 -1 -1 -1 -1 -1 -1 251 251 179 0 -3947 0 0 1286306889 -2904 0 3946 1336 -274 -2724 -2724 0 -465 0 -2904 -30860 21 0 240 255

R_AR 26 33 40 0 0 50 0 0 -3000 0 255 0 8974 -330 32767 -32767 0 -1 -1 -1 -1 -1 -1 -1 -1 -1 249 251 -3514 0 -888 0 0 1285790846 8955 0 1236 2066 -465 7530 7530 0 123 0 8955 -31233 21 0 240 255

R_AFE 27 35 100 0 0 200 0 0 -15000 0 255 0 6000 -17500 32767 -32767 0 -1 -1 -1 -1 -1 -1 -1 -1 -1 249 251 -6935 0 1603 0 0 1286090871 1890 0 -1767 1695 -420 -2717 -2717 0 -14757 0 1890 -31073 21 0 240 255

R_AAA 28 34 100 0 0 300 0 0 -15000 0 255 0 -2500 -10000 32767 -32767 -11159 -1 -1 -1 -1 -1 -1 -1 -1 -1 251 251 -11729 0 2364 0 0 1286186879 -972 -4 -2438 2224 -22 -8341 -8341 0 5443 0 -972 -31865 21 0 240 255

B_TR 29 38 40 0 0 60 0 0 0 0 255 0 8000 -7000 32767 -32767 0 -1 -1 -1 -1 -1 -1 -1 -1 -1 255 251 1893 0 2006 0 0 1285742842 -1368 0 -2036 1763 -164 -3370 -3370 0 -2402 0 -1368 -29910 21 0 244 255

B_TAA 30 37 60 0 0 50 0 0 0 0 255 0 3000 -1000 32767 -32767 0 -1 -1 -1 -1 -1 -1 -1 -1 -1 249 251 -1435 0 824 0 0 1285874853 1380 0 -1116 103 174 1193 1193 0 436 0 1380 -31537 21 0 240 255

B_TFE 31 36 40 0 0 25 0 0 0 0 255 0 -8000 -18000 32767 -32767 0 -1 -1 -1 -1 -1 -1 -1 -1 -1 249 251 -1057 0 2745 0 0 1285766844 -7107 -1 -3846 1552 215 -8132 -8132 0 2014 0 -7107 -26998 17 0 244 255

B_HN 32 7 10 0 0 5 0 0 0 0 255 0 28500 -1500 32767 -32767 0 -1 -1 -1 -1 -1 -1 -1 -1 -1 251 251 -29218 0 6086 0 0 1286018865 8936 0 -5696 1286 380 15822 15822 0 2 0 8936 -31685 21 0 244 255

B_HT 33 6 10 0 0 5 0 0 0 0 255 0 8500 -25000 32767 -32767 0 -1 -1 -1 -1 -1 -1 -1 -1 -1 251 251 -29387 0 4410 0 0 1285934858 29389 -1 -4404 1848 -730 8500 15762 0 -1 0 29389 -31660 21 0 244 255

B_HR 34 5 15 0 0 10 0 0 0 0 255 0 18000 -6000 32767 -32767 0 -1 -1 -1 -1 -1 -1 -1 -1 -1 253 251 979 0 -6247 0 0 1285706839 -12256 0 5093 1352 -313 -3503 -3503 0 4 0 -12256 -31899 21 0 244 255

R_EP 35 1 800 0 0 0 0 0 0 0 255 0 11000 -12000 10000 -10000 0 -1 -1 -1 -1 -1 -1 -1 -1 -1 240 251 -568 0 32732 0 0 1287004506 1363 2 -32730 2655 -3066 382 382 0 0 0 1363 2616 21 0 244 255

R_ET 36 2 800 0 0 0 0 0 0 0 255 0 11000 -12500 10000 -10000 0 -1 -1 -1 -1 -1 -1 -1 -1 -1 244 251 219 0 -32767 0 0 1286726924 -587 0 32767 1610 29 -596 -596 0 0 0 -587 196 21 0 244 255

L_EP 37 3 800 0 0 0 0 0 0 0 255 0 17000 -6000 10000 -10000 0 -1 -1 -1 -1 -1 -1 -1 -1 -1 240 251 4 0 -32767 0 0 1287086955 70 1 -32727 3002 406 200 200 0 0 0 70 -203 21 0 244 255

L_ET 38 4 800 0 0 0 0 0 0 0 255 0 4000 -19000 10000 -10000 0 -1 -1 -1 -1 -1 -1 -1 -1 -1 244 251 301 0 -32767 0 0 1286126874 -372 -1 32767 1628 -340 -263 -263 0 0 0 -372 167 21 0 244 255

