L_SFE 1 16 20 0 0 30 0 0 0 0 255 0 18000 -28000 32767 -32767 -8425 -1 -1 -1 -1 -1 -1 -1 -1 -1 251 251 -6109 0 -37 0 0 1669793190 6109 0 28 1801 -4 6108 6108 0 1 0 6109 -31674 21 0 244 255

L_SAA 2 15 30 0 0 20 0 0 0 0 255 0 25000 -8000 32767 -32767 4400 -1 -1 -1 -1 -1 -1 -1 -1 -1 251 251 12863 0 -8 0 0 1668665096 -12862 2 9 2399 569 -8000 -12831 0 204 0 -12862 -31848 21 0 244 255

L_HR 3 17 30 0 0 40 0 0 0 0 255 0 20000 -9000 32767 -32767 1650 -1 -1 -1 -1 -1 -1 -1 -1 -1 251 251 -3128 0 15 0 0 1667308983 3129 1 -15 2396 1 3126 3126 0 0 0 3129 -31902 21 0 244 255

L_EB 4 18 20 0 0 50 0 0 0 0 255 0 12000 -22000 32767 -32767 2875 -1 -1 -1 -1 -1 -1 -1 -1 -1 249 251 14931 0 -6 0 0 1667224976 -14930 0 8 2250 82 -13855 -13855 0 -876 0 -14930 -31482 21 0 244 255

L_WR 5 19 10 0 0 20 0 0 0 0 255 0 5000 -21000 32767 -32767 -2000 -1 -1 -1 -1 -1 -1 -1 -1 -1 251 251 -369 0 -10 0 0 1669421159 368 0 8 1248 -1 370 370 0 0 0 368 -31301 21 0 244 255

L_WFE 6 20 15 0 0 5 0 0 0 0 255 0 25000 3000 32767 -32767 11750 -1 -1 -1 -1 -1 -1 -1 -1 -1 255 251 -4173 0 -3911 0 0 1669133135 7173 0 3908 1916 77 7173 7173 0 35 0 7173 -31886 21 0 244 255

L_WAA 7 21 10 0 0 5 0 0 0 0 255 0 1500 -18000 32767 -32767 -10000 -1 -1 -1 -1 -1 -1 -1 -1 -1 255 251 -11179 0 61 0 0 1668065046 11179 0 -55 2097 378 1500 11180 0 56 0 11179 -31624 21 0 244 255

R_SFE 8 9 20 0 0 10 0 0 0 0 255 0 16000 -20000 32767 -32767 13000 -1 -1 -1 -1 -1 -1 -1 -1 -1 253 251 4212 0 -102 0 0 1668857112 -4211 0 113 1243 5 -4210 -4210 0 -14 0 -4211 -31884 21 0 244 255

R_SAA 9 8 30 0 0 20 0 0 0 0 255 0 10000 -20000 32767 -32767 16000 -1 -1 -1 -1 -1 -1 -1 -1 -1 253 251 -20780 0 46 0 0 1669277147 20779 0 -46 2328 1260 10000 20779 0 1 0 20779 -31753 21 0 244 255

R_HR 10 10 30 0 0 40 0 0 0 0 255 0 4500 -22000 32767 -32767 -1950 -1 -1 -1 -1 -1 -1 -1 -1 -1 255 251 12570 0 7 0 0 1666996957 -12568 0 -4 1848 0 -12568 -12568 0 0 0 -12568 -31879 21 0 244 255

R_EB 11 11 20 0 0 40 0 0 0 0 255 0 20000 -17000 32767 -32767 1550 -1 -1 -1 -1 -1 -1 -1 -1 -1 251 251 -11886 0 22 0 0 1667693015 11888 0 -24 1080 3 11887 11887 0 -4 0 11888 -31833 85 85 245 255

R_WR 12 12 20 0 0 30 0 0 0 0 255 0 20000 500 32767 -32767 8500 -1 -1 -1 -1 -1 -1 -1 -1 -1 251 251 -5680 0 186 0 0 1668929118 6180 0 -186 1572 22 6183 6183 0 0 0 6180 -31842 21 0 244 255

R_WFE 13 13 10 0 0 10 0 0 0 0 255 0 30000 6000 32767 -32767 0 -1 -1 -1 -1 -1 -1 -1 -1 -1 251 251 -8853 0 -6408 0 0 1668029043 14852 0 6413 2084 -251 14854 14854 0 20 0 14852 -31547 21 0 244 255

R_WAA 14 14 15 0 0 10 0 0 0 0 255 0 16000 -5000 32767 -32767 0 -1 -1 -1 -1 -1 -1 -1 -1 -1 251 251 -12310 0 1612 0 0 1667849028 12310 0 -1605 2600 62 12310 12310 0 76 0 12310 -31857 21 0 244 255

L_HFE 15 23 50 0 0 20 0 0 -330 0 255 0 18000 -20000 32767 -32767 25630 -1 -1 -1 -1 -1 -1 -1 -1 -1 255 250 0 0 -11 0 0 1667633010 -19367 0 -3 1495 330 -19367 -19367 0 14 0 -19367 -30998 85 85 245 255

L_HAA 16 22 40 0 0 20 0 0 201 0 255 0 8500 -4000 32767 -32767 85 -1 -1 -1 -1 -1 -1 -1 -1 -1 251 250 -2 0 3 0 0 1666780939 -3482 0 0 2948 201 -3482 -3482 0 1 0 -3482 -29985 21 0 244 255

L_HFR 17 24 20 0 0 20 0 0 49 0 255 0 18000 1500 32767 -32767 -3890 -1 -1 -1 -1 -1 -1 -1 -1 -1 249 251 0 0 8 0 0 1668893115 2965 -1 -2 2729 0 2965 2965 0 -2 0 2965 -31306 21 0 244 255

L_KFE 18 25 40 0 0 20 0 0 408 0 255 -500 12000 -25000 32767 -32767 5785 -1 -1 -1 -1 16777215 -256 -1 -1 -1 253 250 -134 0 9 0 0 1666336902 12140 3 0 2616 -408 12000 12139 0 -18 0 12140 -31222 21 0 244 255

L_AR 19 26 40 0 0 20 0 0 265 0 255 0 6000 -1000 32767 -32767 8900 -1 -1 -1 -1 -1 -1 -1 -1 -1 253 251 -9487 0 -47 0 0 1667813025 9487 0 47 1104 549 6000 9485 0 9 0 9487 -31513 5 0 240 255

L_AFE 20 28 60 0 0 300 0 0 481 0 255 0 13000 -6500 32767 -32767 150 -1 -1 -1 -1 -1 -1 -1 -1 -1 255 251 -5421 0 791 0 0 1667320984 5425 2 -971 1341 -1137 5422 5422 0 -3 0 5425 -31393 21 0 240 255

L_AAA 21 27 60 0 0 300 0 0 87 0 255 0 9000 500 32767 -32767 -850 -1 -1 -1 -1 -1 -1 -1 -1 -1 253 251 -2521 0 21 0 0 1669169138 3021 0 -19 2556 -22 3021 3021 0 1 0 3021 -31849 21 0 244 255

R_HFE 22 30 20 0 0 20 0 0 -115 0 255 0 13500 -30000 32767 -32767 200 -1 -1 -1 -1 -1 -1 -1 -1 -1 249 250 -3589 0 -3 0 0 1668929118 3589 0 3 2141 -115 3588 3588 0 41 0 3589 -31639 21 0 240 255

R_HAA 23 29 60 0 0 50 0 0 -467 0 255 0 -2000 -16000 32767 -32767 -155 -1 -1 -1 -1 -1 -1 -1 -1 -1 251 250 1 0 2 0 0 1668017042 -6576 0 0 2485 -469 -6576 -6576 0 3 0 -6576 -31847 17 0 240 255

R_HFR 24 31 10 0 0 20 0 0 369 0 255 0 -8000 -23500 32767 -32767 -950 -1 -1 -1 -1 -1 -1 -1 -1 -1 255 251 -1 0 -75 0 0 1667645011 -14553 0 6 1914 1 -14553 -14553 0 2 0 -14553 -31409 21 0 240 255

R_KFE 25 32 40 0 0 20 0 0 -207 0 255 0 21222 -15000 32767 -32767 2600 -1 -1 -1 -1 -1 -1 -1 -1 -1 251 250 15249 0 1 0 0 1668701099 -15248 0 -2 1378 -208 -15000 -15247 0 126 0 -15248 -30734 21 0 240 255

R_AR 26 33 40 0 0 50 0 0 -150 0 255 0 8974 -330 32767 -32767 -1400 -1 -1 -1 -1 -1 -1 -1 -1 -1 249 251 -7867 0 -42 0 0 1667272980 7866 0 43 2326 -9 7865 7865 0 1 0 7866 -30571 21 0 240 255

R_AFE 27 35 60 0 0 200 0 0 -468 0 255 0 6000 -17500 32767 -32767 2500 -1 -1 -1 -1 -1 -1 -1 -1 -1 249 251 2812 0 18 0 0 1667909033 -2811 0 -15 1961 11 -2811 -2811 0 -4 0 -2811 -30223 21 0 240 255

R_AAA 28 34 100 0 0 300 0 0 -1041 0 255 0 -2500 -10000 32767 -32767 -15000 -1 -1 -1 -1 -1 -1 -1 -1 -1 251 251 -967 0 880 0 0 1668281064 -1540 0 -882 2671 658 -2500 -1532 0 -5 0 -1540 -31818 21 0 240 255

B_TR 29 38 40 0 0 60 0 0 0 0 255 0 8000 -7000 32767 -32767 2000 -1 -1 -1 -1 -1 -1 -1 -1 -1 255 251 771 0 3409 0 0 1667044961 -773 2 -3409 1380 -799 -770 -770 0 3 0 -773 -30152 21 0 244 255

B_TAA 30 37 60 0 0 50 0 0 0 0 255 0 3000 -1000 32767 -32767 0 -1 -1 -1 -1 -1 -1 -1 -1 -1 249 251 -993 0 933 0 0 1667416992 972 0 -936 146 187 992 992 0 -52 0 972 -31460 21 0 240 255

B_TFE 31 36 40 0 0 25 0 0 0 0 255 0 -8000 -18000 32767 -32767 0 -1 -1 -1 -1 -1 -1 -1 -1 -1 249 251 801 0 2524 0 0 1667140969 -8802 -2 -2522 1606 246 -8801 -8801 0 4 0 -8802 -27347 17 0 244 255

B_HN 32 7 10 0 0 5 0 0 0 0 255 0 28500 -1500 32767 -32767 0 -1 -1 -1 -1 -1 -1 -1 -1 -1 251 251 -29221 0 32767 0 0 1670849278 29219 -1 -32767 1486 611 28500 29224 0 0 0 29219 -31701 21 0 244 255

B_HT 33 6 10 0 0 5 0 0 0 0 255 0 8500 -25000 32767 -32767 0 -1 -1 -1 -1 -1 -1 -1 -1 -1 251 251 -29412 0 4615 0 0 1669793190 29413 0 -4607 2187 -727 8500 29415 0 0 0 29413 -31684 21 0 244 255

B_HR 34 5 15 0 0 10 0 0 0 0 255 0 18000 -6000 32767 -32767 0 -1 -1 -1 -1 -1 -1 -1 -1 -1 253 251 14025 0 -6162 0 0 1668413075 -14027 -2 6158 1463 -229 -6000 -14028 0 0 0 -14027 -31897 21 0 244 255

R_EP 35 1 800 0 0 0 0 0 0 0 255 0 11000 -12000 10000 -10000 0 -1 -1 -1 -1 -1 -1 -1 -1 -1 240 251 -823 0 32729 0 0 1672122943 886 2 -32731 2355 -191 825 825 0 0 0 886 -134 21 0 244 255

R_ET 36 2 800 0 0 0 0 0 0 0 255 0 11000 -12500 10000 -10000 0 -1 -1 -1 -1 -1 -1 -1 -1 -1 244 251 493 0 -32767 0 0 1671965371 -704 0 32767 1672 -628 -503 -503 0 0 0 -704 624 21 0 244 255

L_EP 37 3 800 0 0 0 0 0 0 0 255 0 17000 -6000 10000 -10000 0 -1 -1 -1 -1 -1 -1 -1 -1 -1 240 251 -93 0 32727 0 0 1673153471 108 0 -32727 3134 -41 95 95 0 0 0 108 252 21 0 244 255

L_ET 38 4 800 0 0 0 0 0 0 0 255 0 4000 -19000 10000 -10000 0 -1 -1 -1 -1 -1 -1 -1 -1 -1 244 251 224 0 -32767 0 0 1669949203 -244 0 32767 1736 -59 -225 -225 0 0 0 -244 206 21 0 244 255

