L_SFE 1 16 20 0 0 30 0 0 0 0 255 0 18000 -28000 32767 -32767 -8425 -1 -1 -1 -1 -1 -1 -1 -1 -1 251 251 -5720 0 -10 0 0 -533545222 4389 0 -477 1899 118 5184 5184 0 -4148 0 4389 -31636 21 0 244 255

L_SAA 2 15 30 0 0 20 0 0 0 0 255 0 25000 -8000 32767 -32767 4400 -1 -1 -1 -1 -1 -1 -1 -1 -1 251 251 12849 0 -118 0 0 -533773241 -8822 0 1860 2050 -49 -8000 -9216 0 -2373 0 -8822 -31810 21 0 244 255

L_HR 3 17 30 0 0 40 0 0 0 0 255 0 20000 -9000 32767 -32767 1650 -1 -1 -1 -1 -1 -1 -1 -1 -1 251 251 -4329 0 10 0 0 -534061265 3353 0 -47 2396 -11 3199 3199 0 0 0 3353 -31869 21 0 244 255

L_EB 4 18 20 0 0 50 0 0 0 0 255 0 12000 -22000 32767 -32767 2875 -1 -1 -1 -1 -1 -1 -1 -1 -1 249 251 12272 0 -71 0 0 -534013261 -3489 0 321 2144 -158 -4708 -4708 0 1137 0 -3489 -31463 21 0 244 255

L_WR 5 19 10 0 0 20 0 0 0 0 255 0 5000 -21000 32767 -32767 -2000 -1 -1 -1 -1 -1 -1 -1 -1 -1 251 251 -2456 0 -15 0 0 -533497218 3504 0 -4 1180 -177 -1018 -1018 0 20 0 3504 -31436 21 0 244 255

L_WFE 6 20 15 0 0 5 0 0 0 0 255 0 25000 3000 32767 -32767 11750 -1 -1 -1 -1 -1 -1 -1 -1 -1 255 251 -1656 0 -603 0 0 -533545222 3265 2 2387 1959 20 3731 3731 0 10880 0 3265 -31879 21 0 244 255

L_WAA 7 21 10 0 0 5 0 0 0 0 255 0 1500 -18000 32767 -32767 -10000 -1 -1 -1 -1 -1 -1 -1 -1 -1 255 251 -9792 0 13 0 0 -533869249 9816 0 -847 2126 309 1500 5900 0 15285 0 9816 -31606 21 0 244 255

R_SFE 8 9 20 0 0 10 0 0 0 0 255 0 16000 -20000 32767 -32767 13000 -1 -1 -1 -1 -1 -1 -1 -1 -1 253 251 5869 0 807 0 0 -533929254 -8913 0 -235 923 -390 -4027 -4027 0 27240 0 -8913 -31778 21 0 244 255

R_SAA 9 8 30 0 0 20 0 0 0 0 255 0 10000 -20000 32767 -32767 16000 -1 -1 -1 -1 -1 -1 -1 -1 -1 253 251 -20803 0 138 0 0 -533785242 11571 0 -2445 1482 -6 10000 17098 0 31074 0 11571 -31619 21 0 244 255

R_HR 10 10 30 0 0 40 0 0 0 0 255 0 4500 -22000 32767 -32767 -1950 -1 -1 -1 -1 -1 -1 -1 -1 -1 255 251 13027 0 3 0 0 -534217278 -11430 -1 641 1764 -62 -10045 -10045 0 3 0 -11430 -31718 21 0 244 255

R_EB 11 11 20 0 0 40 0 0 0 0 255 0 20000 -17000 32767 -32767 1550 -1 -1 -1 -1 -1 -1 -1 -1 -1 251 251 -8432 0 35 0 0 -533905252 -1260 0 -252 1306 396 3315 3315 0 -4581 0 -1260 -31728 85 85 245 255

R_WR 12 12 20 0 0 30 0 0 0 0 255 0 20000 500 32767 -32767 8500 -1 -1 -1 -1 -1 -1 -1 -1 -1 251 251 -6295 0 203 0 0 -533845247 7318 0 -126 1193 -518 500 -2206 0 -31 0 7318 -31785 21 0 244 255

R_WFE 13 13 10 0 0 10 0 0 0 0 255 0 30000 6000 32767 -32767 0 -1 -1 -1 -1 -1 -1 -1 -1 -1 251 251 -2035 0 -5696 0 0 -534037263 3564 0 4114 2313 131 11042 11042 0 -17014 0 3564 -31425 21 0 244 255

R_WAA 14 14 15 0 0 10 0 0 0 0 255 0 16000 -5000 32767 -32767 0 -1 -1 -1 -1 -1 -1 -1 -1 -1 251 251 -9993 0 1695 0 0 -533893251 10717 0 -1532 2623 92 11271 11271 0 24834 0 10717 -31806 21 0 244 255

L_HFE 15 23 120 0 10 20 0 0 50 0 255 0 18000 -20000 32767 -32767 25630 -1 -1 -1 -1 -1 -1 -1 -1 -1 255 251 19265 0 78 0 0 -533905252 -19284 -2 -420 1260 -18 -19315 -19315 0 -59 0 -19284 -28717 85 85 245 255

L_HAA 16 22 100 0 6 20 0 0 252 0 255 0 8500 -4000 32767 -32767 85 -1 -1 -1 -1 -1 -1 -1 -1 -1 251 251 2094 0 -10 0 0 -534133271 -1669 0 339 2956 243 -978 -978 0 683 0 -1669 -26114 21 0 244 255

L_HFR 17 24 50 0 5 20 0 0 55 0 255 0 18000 1500 32767 -32767 -3890 -1 -1 -1 -1 -1 -1 -1 -1 -1 249 251 1813 0 -66 0 0 -533641230 -307 0 111 2958 344 1500 -1946 0 876 0 -307 -29049 21 0 244 255

L_KFE 18 25 100 0 10 20 0 0 692 0 255 0 12000 -25000 32767 -32767 5785 -1 -1 -1 -1 16777215 -256 -1 -1 -1 253 251 1036 0 1060 0 0 -534289284 9846 0 -904 2616 -404 10701 10701 0 3848 0 9846 -26470 21 0 244 255

L_AR 19 26 120 0 12 20 0 0 260 0 255 0 6000 -1000 32767 -32767 8900 -1 -1 -1 -1 -1 -1 -1 -1 -1 253 251 -6855 0 -37 0 0 -534001260 7052 0 164 1082 506 6000 6860 0 135 0 7052 -31221 5 0 240 255

L_AFE 20 28 120 0 15 300 0 0 463 0 255 0 13000 -6500 32767 -32767 150 -1 -1 -1 -1 -1 -1 -1 -1 -1 255 251 -6030 0 -20 0 0 -534073266 3417 1 -15 2234 274 2795 2795 0 437 0 3417 -30827 21 0 240 255

L_AAA 21 27 80 0 10 300 0 0 98 0 255 0 9000 500 32767 -32767 -850 -1 -1 -1 -1 -1 -1 -1 -1 -1 253 251 -2856 0 140 0 0 -533665232 2225 3 39 2643 128 1964 1964 0 -193 0 2225 -31787 21 0 244 255

R_HFE 22 30 120 0 10 20 0 0 -99 0 255 0 13500 -30000 32767 -32767 200 -1 -1 -1 -1 -1 -1 -1 -1 -1 249 251 -32 0 -168 0 0 -533665232 3372 0 228 2234 20 3454 3454 0 -207 0 3372 -31556 21 0 240 255

R_HAA 23 29 100 0 10 50 0 0 365 0 255 0 -2000 -16000 32767 -32767 -155 -1 -1 -1 -1 -1 -1 -1 -1 -1 251 251 -937 0 -81 0 0 -533893251 -6563 0 -291 2735 -134 -7049 -7049 0 510 0 -6563 -31814 17 0 240 255

R_HFR 24 31 50 0 5 20 0 0 372 0 255 0 -8000 -23500 32767 -32767 -950 -1 -1 -1 -1 -1 -1 -1 -1 -1 255 251 4272 0 47 0 0 -533905252 -15571 0 22 1873 -85 -15127 -15127 0 225 0 -15571 -31072 21 0 240 255

R_KFE 25 32 100 0 10 20 0 0 -297 0 255 0 21222 -15000 32767 -32767 2600 -1 -1 -1 -1 -1 -1 -1 -1 -1 251 251 -911 0 -481 0 0 -533641230 -13764 -1 635 1373 -259 -14298 -14298 0 -2441 0 -13764 -27842 21 0 240 255

R_AR 26 33 120 0 12 50 0 0 -151 0 255 0 8974 -330 32767 -32767 -1400 -1 -1 -1 -1 -1 -1 -1 -1 -1 249 251 -1213 0 -735 0 0 -533989259 6980 0 -21 2231 -316 6298 6298 0 62 0 6980 -29766 21 0 240 255

R_AFE 27 35 150 0 15 200 0 0 -502 0 255 0 6000 -17500 32767 -32767 2500 -1 -1 -1 -1 -1 -1 -1 -1 -1 249 251 -733 0 -2 0 0 -533797243 -1290 0 28 1838 -302 -1767 -1767 0 -1093 0 -1290 -28643 21 0 240 255

R_AAA 28 34 150 0 15 300 0 0 -1215 0 255 0 -2500 -10000 32767 -32767 -15000 -1 -1 -1 -1 -1 -1 -1 -1 -1 251 251 -4394 0 1733 0 0 -533737238 -729 -1 -1760 2291 -32 -4302 -4302 0 2540 0 -729 -31803 21 0 240 255

B_TR 29 38 40 0 0 60 0 0 0 0 255 0 8000 -7000 32767 -32767 2000 -1 -1 -1 -1 -1 -1 -1 -1 -1 255 251 492 0 3404 0 0 -534037263 1249 0 -3313 1845 -54 -3370 -3370 0 -5441 0 1249 -26389 21 0 244 255

B_TAA 30 37 60 0 0 50 0 0 0 0 255 0 3000 -1000 32767 -32767 0 -1 -1 -1 -1 -1 -1 -1 -1 -1 249 251 -1688 0 859 0 0 -533965257 1658 0 -1230 136 131 1193 1193 0 1086 0 1658 -31363 21 0 240 255

B_TFE 31 36 40 0 0 25 0 0 0 0 255 0 -8000 -18000 32767 -32767 0 -1 -1 -1 -1 -1 -1 -1 -1 -1 249 251 680 0 2523 0 0 -534037263 -8569 0 -1178 1551 183 -8132 -8132 0 -871 0 -8569 -22880 17 0 244 255

B_HN 32 7 10 0 0 5 0 0 0 0 255 0 28500 -1500 32767 -32767 0 -1 -1 -1 -1 -1 -1 -1 -1 -1 251 251 -24587 0 10135 0 0 -533941255 24280 0 -32767 1204 309 15822 15822 0 -2 0 24280 -31645 21 0 244 255

B_HT 33 6 10 0 0 5 0 0 0 0 255 0 8500 -25000 32767 -32767 0 -1 -1 -1 -1 -1 -1 -1 -1 -1 251 251 -29364 0 4324 0 0 -534001260 29150 0 -4374 2005 -722 8500 15762 0 -1 0 29150 -31589 21 0 244 255

B_HR 34 5 15 0 0 10 0 0 0 0 255 0 18000 -6000 32767 -32767 0 -1 -1 -1 -1 -1 -1 -1 -1 -1 253 251 13805 0 -6116 0 0 -534109269 -14009 -1 5671 1294 -394 -3503 -3503 0 5 0 -14009 -31851 21 0 244 255

R_EP 35 1 800 0 0 0 0 0 0 0 255 0 11000 -12000 10000 -10000 0 -1 -1 -1 -1 -1 -1 -1 -1 -1 240 251 -539 0 -32767 0 0 -533423653 568 0 -32729 2392 -582 382 382 0 0 0 568 315 21 0 244 255

R_ET 36 2 800 0 0 0 0 0 0 0 255 0 11000 -12500 10000 -10000 0 -1 -1 -1 -1 -1 -1 -1 -1 -1 244 251 459 0 -32767 0 0 -533593226 -677 -1 32767 1639 -253 -596 -596 0 0 0 -677 475 21 0 244 255

L_EP 37 3 800 0 0 0 0 0 0 0 255 0 17000 -6000 10000 -10000 0 -1 -1 -1 -1 -1 -1 -1 -1 -1 240 251 -139 0 -32767 0 0 -533329203 178 0 -32727 3043 68 200 200 0 0 0 178 -85 21 0 244 255

L_ET 38 4 800 0 0 0 0 0 0 0 255 0 4000 -19000 10000 -10000 0 -1 -1 -1 -1 -1 -1 -1 -1 -1 244 251 265 0 -32767 0 0 -533905252 -292 1 32767 1672 -90 -263 -263 0 0 0 -292 229 21 0 244 255

