L_SFE 1 16 20 0 0 30 0 0 0 0 255 0 18000 -28000 32767 -32767 -8425 -1 -1 -1 -1 -1 -1 -1 -1 -1 251 251 -238 0 84 0 0 -901128095 4496 1 -517 1896 114 5184 5184 0 -3595 0 4496 -31680 21 0 244 255

L_SAA 2 15 30 0 0 20 0 0 0 0 255 0 25000 -8000 32767 -32767 4400 -1 -1 -1 -1 -1 -1 -1 -1 -1 251 251 4853 0 -25 0 0 -902616219 -8943 4 1814 2077 -32 -8000 -9216 0 -1632 0 -8943 -31831 21 0 244 255

L_HR 3 17 30 0 0 40 0 0 0 0 255 0 20000 -9000 32767 -32767 1650 -1 -1 -1 -1 -1 -1 -1 -1 -1 251 251 -762 0 31 0 0 -904044337 3632 0 -122 2403 -32 3199 3199 0 0 0 3632 -31904 21 0 244 255

L_EB 4 18 20 0 0 50 0 0 0 0 255 0 12000 -22000 32767 -32767 2875 -1 -1 -1 -1 -1 -1 -1 -1 -1 249 251 7932 0 -55 0 0 -903636304 -2602 0 428 2131 -249 -4708 -4708 0 1984 0 -2602 -31578 21 0 244 255

L_WR 5 19 10 0 0 20 0 0 0 0 255 0 5000 -21000 32767 -32767 -2000 -1 -1 -1 -1 -1 -1 -1 -1 -1 251 251 -3296 0 -20 0 0 -900348030 3562 0 -4 1227 -179 -1018 -1018 0 20 0 3562 -31554 21 0 244 255

L_WFE 6 20 15 0 0 5 0 0 0 0 255 0 25000 3000 32767 -32767 11750 -1 -1 -1 -1 -1 -1 -1 -1 -1 255 251 -1084 0 -162 0 0 -900744063 4619 0 -1407 1968 25 3731 3731 0 -20780 0 4619 -31900 21 0 244 255

L_WAA 7 21 10 0 0 5 0 0 0 0 255 0 1500 -18000 32767 -32767 -10000 -1 -1 -1 -1 -1 -1 -1 -1 -1 255 251 -8427 0 206 0 0 -902820236 9443 0 -801 2115 295 1500 5900 0 -32067 0 9443 -31686 21 0 244 255

R_SFE 8 9 20 0 0 10 0 0 0 0 255 0 16000 -20000 32767 -32767 13000 -1 -1 -1 -1 -1 -1 -1 -1 -1 253 251 2299 0 -199 0 0 -903660306 -8876 -3 34 980 -377 -4027 -4027 0 27000 0 -8876 -31845 21 0 244 255

R_SAA 9 8 30 0 0 20 0 0 0 0 255 0 10000 -20000 32767 -32767 16000 -1 -1 -1 -1 -1 -1 -1 -1 -1 253 251 -10799 0 165 0 0 -903072257 11650 0 -2446 1528 3 10000 17098 0 30639 0 11650 -31695 21 0 244 255

R_HR 10 10 30 0 0 40 0 0 0 0 255 0 4500 -22000 32767 -32767 -1950 -1 -1 -1 -1 -1 -1 -1 -1 -1 255 251 2881 0 -15 0 0 -905172432 -11504 0 708 1780 -60 -10045 -10045 0 3 0 -11504 -31817 21 0 244 255

R_EB 11 11 20 0 0 40 0 0 0 0 255 0 20000 -17000 32767 -32767 1550 -1 -1 -1 -1 -1 -1 -1 -1 -1 251 251 -4453 0 67 0 0 -904200351 -948 -2 -256 1308 373 3315 3315 0 -4242 0 -948 -31817 85 85 245 255

R_WR 12 12 20 0 0 30 0 0 0 0 255 0 20000 500 32767 -32767 8500 -1 -1 -1 -1 -1 -1 -1 -1 -1 251 251 -6192 0 183 0 0 -903036254 7430 0 -125 1225 -527 500 -2206 0 -31 0 7430 -31830 21 0 244 255

R_WFE 13 13 10 0 0 10 0 0 0 0 255 0 30000 6000 32767 -32767 0 -1 -1 -1 -1 -1 -1 -1 -1 -1 251 251 3662 0 -5430 0 0 -903864323 3179 0 4196 2384 143 11042 11042 0 -6560 0 3179 -31530 21 0 244 255

R_WAA 14 14 15 0 0 10 0 0 0 0 255 0 16000 -5000 32767 -32767 0 -1 -1 -1 -1 -1 -1 -1 -1 -1 251 251 751 0 1693 0 0 -903960331 9993 0 -1531 2685 134 11271 11271 0 -8006 0 9993 -31844 21 0 244 255

L_HFE 15 23 120 0 10 20 0 0 26 0 255 0 18000 -20000 32767 -32767 25630 -1 -1 -1 -1 -1 -1 -1 -1 -1 255 251 -46 0 390 0 0 -904176349 -19315 1 -275 1291 -7 -19344 -19344 0 -75 0 -19315 -30708 85 85 245 255

L_HAA 16 22 100 0 6 20 0 0 272 0 255 0 8500 -4000 32767 -32767 85 -1 -1 -1 -1 -1 -1 -1 -1 -1 251 251 784 0 52 0 0 -905040421 -1877 2 167 2967 253 -1194 -1194 0 661 0 -1877 -28706 21 0 244 255

L_HFR 17 24 50 0 5 20 0 0 43 0 255 0 18000 1500 32767 -32767 -3890 -1 -1 -1 -1 -1 -1 -1 -1 -1 249 251 4412 0 -54 0 0 -902808235 -310 1 148 2952 341 1500 1161 0 -761 0 -310 -31123 21 0 244 255

L_KFE 18 25 80 0 8 20 0 0 775 0 255 0 12000 -25000 32767 -32767 5785 -1 -1 -1 -1 16777215 -256 -1 -1 -1 253 251 1063 0 461 0 0 -905436454 10889 0 -535 2632 -388 12000 12152 0 5663 0 10889 -30911 21 0 244 255

L_AR 19 26 120 0 12 20 0 0 264 0 255 0 6000 -1000 32767 -32767 8900 -1 -1 -1 -1 -1 -1 -1 -1 -1 253 251 -1637 0 -357 0 0 -903792317 6860 0 148 1031 415 6000 8545 0 -1106 0 6860 -31442 5 0 240 255

L_AFE 20 28 120 0 15 300 0 0 463 0 255 0 13000 -6500 32767 -32767 150 -1 -1 -1 -1 -1 -1 -1 -1 -1 255 251 -769 0 26 0 0 -904512377 6063 0 -28 2221 263 5432 5432 0 439 0 6063 -31275 21 0 240 255

L_AAA 21 27 80 0 10 300 0 0 108 0 255 0 9000 500 32767 -32767 -850 -1 -1 -1 -1 -1 -1 -1 -1 -1 253 251 -599 0 -2 0 0 -902496209 3439 0 -19 2689 143 2912 2912 0 -390 0 3439 -31838 21 0 244 255

R_HFE 22 30 50 0 5 20 0 0 -113 0 255 0 13500 -30000 32767 -32767 200 -1 -1 -1 -1 -1 -1 -1 -1 -1 249 251 523 0 103 0 0 -902568215 3540 2 303 2248 -41 3454 3454 0 183 0 3540 -31650 21 0 240 255

R_HAA 23 29 60 0 0 50 0 0 262 0 255 0 -2000 -16000 32767 -32767 -155 -1 -1 -1 -1 -1 -1 -1 -1 -1 251 251 -758 0 -33 0 0 -903516294 -6795 0 -349 2727 -204 -7955 -7955 0 1215 0 -6795 -31868 17 0 240 255

R_HFR 24 31 10 0 0 20 0 0 387 0 255 0 -8000 -23500 32767 -32767 -950 -1 -1 -1 -1 -1 -1 -1 -1 -1 255 251 2482 0 -53 0 0 -903936329 -19116 -3 -160 1888 -134 -15987 -15987 0 1722 0 -19116 -31464 21 0 240 255

R_KFE 25 32 40 0 0 20 0 0 -386 0 255 0 21222 -15000 32767 -32767 2600 -1 -1 -1 -1 -1 -1 -1 -1 -1 251 251 -191 0 -104 0 0 -902652222 -13759 0 755 1391 -253 -15000 -15030 0 -5998 0 -13759 -31262 21 0 240 255

R_AR 26 33 40 0 0 50 0 0 -148 0 255 0 8974 -330 32767 -32767 -1400 -1 -1 -1 -1 -1 -1 -1 -1 -1 249 251 -1184 0 -101 0 0 -904080341 8966 -2 529 2304 -292 7764 7764 0 101 0 8966 -31459 21 0 240 255

R_AFE 27 35 60 0 0 200 0 0 -550 0 255 0 6000 -17500 32767 -32767 2500 -1 -1 -1 -1 -1 -1 -1 -1 -1 249 251 -391 0 -14 0 0 -903660306 -490 0 32 1843 -325 -1767 -1767 0 -3025 0 -490 -31232 21 0 240 255

R_AAA 28 34 100 0 0 300 0 0 -1222 0 255 0 -2500 -10000 32767 -32767 -15000 -1 -1 -1 -1 -1 -1 -1 -1 -1 251 251 -5175 0 1734 0 0 -903084258 2633 0 -1729 2330 21 -2500 -1326 0 3017 0 2633 -31861 21 0 240 255

B_TR 29 38 40 0 0 60 0 0 0 0 255 0 8000 -7000 32767 -32767 2000 -1 -1 -1 -1 -1 -1 -1 -1 -1 255 251 -2965 0 3449 0 0 -904776399 1325 0 -3307 1877 -41 -3370 -3370 0 -5532 0 1325 -29227 21 0 244 255

B_TAA 30 37 60 0 0 50 0 0 0 0 255 0 3000 -1000 32767 -32767 0 -1 -1 -1 -1 -1 -1 -1 -1 -1 249 251 -506 0 817 0 0 -904236354 1669 0 -1195 135 121 1193 1193 0 1137 0 1669 -31519 21 0 240 255

B_TFE 31 36 40 0 0 25 0 0 0 0 255 0 -8000 -18000 32767 -32767 0 -1 -1 -1 -1 -1 -1 -1 -1 -1 249 251 545 0 2383 0 0 -904704393 -8538 0 -1061 1559 167 -8132 -8132 0 -770 0 -8538 -25943 17 0 244 255

B_HN 32 7 10 0 0 5 0 0 0 0 255 0 28500 -1500 32767 -32767 0 -1 -1 -1 -1 -1 -1 -1 -1 -1 251 251 -8689 0 32767 0 0 -902112177 24329 0 -32767 1271 307 15822 15822 0 -2 0 24329 -31680 21 0 244 255

B_HT 33 6 10 0 0 5 0 0 0 0 255 0 8500 -25000 32767 -32767 0 -1 -1 -1 -1 -1 -1 -1 -1 -1 251 251 -20821 0 4409 0 0 -902988250 29347 0 -4375 2116 -729 8500 15762 0 -1 0 29347 -31647 21 0 244 255

B_HR 34 5 15 0 0 10 0 0 0 0 255 0 18000 -6000 32767 -32767 0 -1 -1 -1 -1 -1 -1 -1 -1 -1 253 251 10308 0 -6093 0 0 -904260356 -13814 -2 4519 1335 -427 -3503 -3503 0 5 0 -13814 -31891 21 0 244 255

R_EP 35 1 800 0 0 0 0 0 0 0 255 0 11000 -12000 10000 -10000 0 -1 -1 -1 -1 -1 -1 -1 -1 -1 240 251 -156 0 32729 0 0 -899578407 544 -1 -32730 2425 -507 382 382 0 0 0 544 187 21 0 244 255

R_ET 36 2 800 0 0 0 0 0 0 0 255 0 11000 -12500 10000 -10000 0 -1 -1 -1 -1 -1 -1 -1 -1 -1 244 251 182 0 32728 0 0 -899519961 -798 -1 -32728 1682 -631 -596 -596 0 0 0 -798 859 21 0 244 255

L_EP 37 3 800 0 0 0 0 0 0 0 255 0 17000 -6000 10000 -10000 0 -1 -1 -1 -1 -1 -1 -1 -1 -1 240 251 -8 0 32727 0 0 -898595883 207 0 -32728 3125 -22 200 200 0 0 0 207 217 21 0 244 255

L_ET 38 4 800 0 0 0 0 0 0 0 255 0 4000 -19000 10000 -10000 0 -1 -1 -1 -1 -1 -1 -1 -1 -1 244 251 85 0 -32767 0 0 -902004168 -345 -2 32767 1707 -256 -263 -263 0 0 0 -345 279 21 0 244 255

