L_SFE 1 16 20 0 0 30 0 0 0 0 255 0 18000 -28000 32767 -32767 -8425 -1 -1 -1 -1 -1 -1 -1 -1 -1 251 251 -5388 0 83 0 0 -1465974213 4474 -2 -548 1930 119 5184 5184 0 -3689 0 4474 -31688 21 0 244 255

L_SAA 2 15 30 0 0 20 0 0 0 0 255 0 25000 -8000 32767 -32767 4400 -1 -1 -1 -1 -1 -1 -1 -1 -1 251 251 12824 0 -20 0 0 -1466490256 -8926 -3 1669 2063 -22 -8000 -9216 0 -1771 0 -8926 -31851 21 0 244 255

L_HR 3 17 30 0 0 40 0 0 0 0 255 0 20000 -9000 32767 -32767 1650 -1 -1 -1 -1 -1 -1 -1 -1 -1 251 251 -4115 0 36 0 0 -1467018299 3604 0 -374 2444 10 3199 3199 0 0 0 3604 -31914 21 0 244 255

L_EB 4 18 20 0 0 50 0 0 0 0 255 0 12000 -22000 32767 -32767 2875 -1 -1 -1 -1 -1 -1 -1 -1 -1 249 251 13112 0 -46 0 0 -1466898290 -2978 -2 383 2133 -210 -4708 -4708 0 1624 0 -2978 -31589 21 0 244 255

L_WR 5 19 10 0 0 20 0 0 0 0 255 0 5000 -21000 32767 -32767 -2000 -1 -1 -1 -1 -1 -1 -1 -1 -1 251 251 -1346 0 -26 0 0 -1465794198 1971 0 29 1251 -120 -1018 -1018 0 13 0 1971 -31539 21 0 244 255

L_WFE 6 20 15 0 0 5 0 0 0 0 255 0 25000 3000 32767 -32767 11750 -1 -1 -1 -1 -1 -1 -1 -1 -1 255 251 -1159 0 -197 0 0 -1465914208 2827 -1 2214 1945 -9 3731 3731 0 21130 0 2827 -31910 21 0 244 255

L_WAA 7 21 10 0 0 5 0 0 0 0 255 0 1500 -18000 32767 -32767 -10000 -1 -1 -1 -1 -1 -1 -1 -1 -1 255 251 -10904 0 -164 0 0 -1466586264 9120 1 -688 2108 285 1500 5900 0 -16583 0 9120 -31692 21 0 244 255

R_SFE 8 9 20 0 0 10 0 0 0 0 255 0 16000 -20000 32767 -32767 13000 -1 -1 -1 -1 -1 -1 -1 -1 -1 253 251 6055 0 674 0 0 -1465806199 -7459 0 -673 1144 -294 -4027 -4027 0 18848 0 -7459 -31893 21 0 244 255

R_SAA 9 8 30 0 0 20 0 0 0 0 255 0 10000 -20000 32767 -32767 16000 -1 -1 -1 -1 -1 -1 -1 -1 -1 253 251 -804 0 2721 0 0 -1465974213 12570 -1 -2442 1701 111 10000 20794 0 -18905 0 12570 -31771 21 0 244 255

R_HR 10 10 30 0 0 40 0 0 0 0 255 0 4500 -22000 32767 -32767 -1950 -1 -1 -1 -1 -1 -1 -1 -1 -1 255 251 13015 0 -40 0 0 -1466958295 -11281 2 514 1882 -64 -10045 -10045 0 3 0 -11281 -31895 21 0 244 255

R_EB 11 11 20 0 0 40 0 0 0 0 255 0 20000 -17000 32767 -32767 1550 -1 -1 -1 -1 -1 -1 -1 -1 -1 251 251 -7661 0 66 0 0 -1466766279 -559 1 -307 1335 350 3315 3315 0 -3834 0 -559 -31843 85 85 245 255

R_WR 12 12 20 0 0 30 0 0 0 0 255 0 20000 500 32767 -32767 8500 -1 -1 -1 -1 -1 -1 -1 -1 -1 251 251 -6771 0 190 0 0 -1466322242 8409 0 -141 1215 -602 500 -2206 0 -35 0 8409 -31845 21 0 244 255

R_WFE 13 13 10 0 0 10 0 0 0 0 255 0 30000 6000 32767 -32767 0 -1 -1 -1 -1 -1 -1 -1 -1 -1 251 251 56 0 -5264 0 0 -1466670271 3126 -1 4325 2390 140 11042 11042 0 -5124 0 3126 -31566 21 0 244 255

R_WAA 14 14 15 0 0 10 0 0 0 0 255 0 16000 -5000 32767 -32767 0 -1 -1 -1 -1 -1 -1 -1 -1 -1 251 251 -11248 0 1753 0 0 -1466898290 10729 0 -1742 2695 99 11271 11271 0 24352 0 10729 -31861 21 0 244 255

L_HFE 15 23 120 0 10 20 0 0 -53 0 255 0 18000 -20000 32767 -32767 25630 -1 -1 -1 -1 -1 -1 -1 -1 -1 255 251 21239 0 -197 0 0 -1467138310 -19306 1 477 1380 27 -19284 -19284 0 60 0 -19306 -31271 85 85 245 255

L_HAA 16 22 100 0 6 20 0 0 250 0 255 0 8500 -4000 32767 -32767 85 -1 -1 -1 -1 -1 -1 -1 -1 -1 251 251 2333 0 64 0 0 -1467378330 -637 1 411 3088 266 128 128 0 742 0 -637 -31073 21 0 244 255

L_HFR 17 24 50 0 5 20 0 0 47 0 255 0 18000 1500 32767 -32767 -3890 -1 -1 -1 -1 -1 -1 -1 -1 -1 249 251 1629 0 -21 0 0 -1466622267 -356 0 297 3016 339 1500 -307 0 -27 0 -356 -31456 21 0 244 255

L_KFE 18 25 100 0 10 20 0 0 653 0 255 0 12000 -25000 32767 -32767 5785 -1 -1 -1 -1 16777215 -256 -1 -1 -1 253 251 -9902 0 110 0 0 -1467474338 8814 -1 -392 2698 -360 9658 9658 0 3791 0 8814 -31385 21 0 244 255

L_AR 19 26 120 0 12 20 0 0 259 0 255 0 6000 -1000 32767 -32767 8900 -1 -1 -1 -1 -1 -1 -1 -1 -1 253 251 -7324 0 -259 0 0 -1466874288 7277 -2 258 1169 619 6000 7052 0 157 0 7277 -31558 5 0 240 255

L_AFE 20 28 250 0 24 300 0 0 457 0 255 0 13000 -6500 32767 -32767 150 -1 -1 -1 -1 -1 -1 -1 -1 -1 255 251 -402 0 46 0 0 -1467126309 2125 0 -71 2222 251 1783 1783 0 239 0 2125 -31437 21 0 240 255

L_AAA 21 27 80 0 10 300 0 0 117 0 255 0 9000 500 32767 -32767 -850 -1 -1 -1 -1 -1 -1 -1 -1 -1 253 251 -1777 0 -19 0 0 -1466430251 1928 0 -20 2720 172 1303 1303 0 -470 0 1928 -31881 21 0 244 255

R_HFE 22 30 120 0 10 20 0 0 -176 0 255 0 13500 -30000 32767 -32767 200 -1 -1 -1 -1 -1 -1 -1 -1 -1 249 251 -6220 0 164 0 0 -1466610266 3443 -1 -754 2233 25 3372 3372 0 159 0 3443 -31665 21 0 240 255

R_HAA 23 29 100 0 10 50 0 0 327 0 255 0 -2000 -16000 32767 -32767 -155 -1 -1 -1 -1 -1 -1 -1 -1 -1 251 251 4083 0 47 0 0 -1466910291 -6872 0 -466 2748 -142 -7468 -7468 0 626 0 -6872 -31866 17 0 240 255

R_HFR 24 31 50 0 5 20 0 0 374 0 255 0 -8000 -23500 32767 -32767 -950 -1 -1 -1 -1 -1 -1 -1 -1 -1 255 251 7992 0 -36 0 0 -1467078305 -16199 0 -99 1870 -130 -15571 -15571 0 326 0 -16199 -31478 21 0 240 255

R_KFE 25 32 120 0 10 20 0 0 -289 0 255 0 21222 -15000 32767 -32767 2600 -1 -1 -1 -1 -1 -1 -1 -1 -1 251 251 -497 0 41 0 0 -1466730276 -13179 4 60 1362 -279 -13764 -13764 0 -2797 0 -13179 -31048 21 0 240 255

R_AR 26 33 150 0 15 50 0 0 -149 0 255 0 8974 -330 32767 -32767 -1400 -1 -1 -1 -1 -1 -1 -1 -1 -1 249 251 -551 0 -22 0 0 -1467210316 5956 -2 -18 2269 -256 5514 5514 0 38 0 5956 -31267 21 0 240 255

R_AFE 27 35 270 0 25 200 0 0 -486 0 255 0 6000 -17500 32767 -32767 2500 -1 -1 -1 -1 -1 -1 -1 -1 -1 249 251 -285 0 -58 0 0 -1467054303 -1043 0 64 1783 -311 -1290 -1290 0 -567 0 -1043 -30815 21 0 240 255

R_AAA 28 34 150 0 15 300 0 0 -1210 0 255 0 -2500 -10000 32767 -32767 -15000 -1 -1 -1 -1 -1 -1 -1 -1 -1 251 251 -2990 0 1761 0 0 -1466886289 -111 -3 -1763 2252 -40 -3705 -3705 0 2555 0 -111 -31847 21 0 240 255

B_TR 29 38 40 0 0 60 0 0 0 0 255 0 8000 -7000 32767 -32767 2000 -1 -1 -1 -1 -1 -1 -1 -1 -1 255 251 -2530 0 3740 0 0 -1467318325 1565 0 -3606 1909 -74 -3370 -3370 0 -5801 0 1565 -31131 21 0 244 255

B_TAA 30 37 120 0 12 50 0 0 0 0 255 0 3000 -1000 32767 -32767 0 -1 -1 -1 -1 -1 -1 -1 -1 -1 249 251 -112 0 924 0 0 -1467198315 1343 -1 -804 107 86 1193 1193 0 348 0 1343 -31517 21 0 240 255

B_TFE 31 36 40 0 0 25 0 0 0 0 255 0 -8000 -18000 32767 -32767 0 -1 -1 -1 -1 -1 -1 -1 -1 -1 249 251 -2962 0 2474 0 0 -1467354328 -6707 0 -3229 1603 92 -8132 -8132 0 2812 0 -6707 -30345 17 0 244 255

B_HN 32 7 10 0 0 5 0 0 0 0 255 0 28500 -1500 32767 -32767 0 -1 -1 -1 -1 -1 -1 -1 -1 -1 251 251 -26416 0 32767 0 0 -1464750111 24660 0 -32767 1339 294 15822 15822 0 -3 0 24660 -31718 21 0 244 255

B_HT 33 6 10 0 0 5 0 0 0 0 255 0 8500 -25000 32767 -32767 0 -1 -1 -1 -1 -1 -1 -1 -1 -1 251 251 -29346 0 4543 0 0 -1465422167 29469 0 -4460 2329 -732 8500 15762 0 -1 0 29469 -31697 21 0 244 255

B_HR 34 5 15 0 0 10 0 0 0 0 255 0 18000 -6000 32767 -32767 0 -1 -1 -1 -1 -1 -1 -1 -1 -1 253 251 12375 0 -6083 0 0 -1466250236 -13539 0 5243 1387 -383 -3503 -3503 0 5 0 -13539 -31892 21 0 244 255

R_EP 35 1 800 0 0 0 0 0 0 0 255 0 11000 -12000 10000 -10000 0 -1 -1 -1 -1 -1 -1 -1 -1 -1 240 251 -615 0 32729 0 0 -1465000573 654 1 -32729 2486 -850 382 382 0 0 0 654 572 21 0 244 255

R_ET 36 2 800 0 0 0 0 0 0 0 255 0 11000 -12500 10000 -10000 0 -1 -1 -1 -1 -1 -1 -1 -1 -1 244 251 482 0 32727 0 0 -1464906124 -786 0 -32728 1715 -593 -596 -596 0 0 0 -786 747 21 0 244 255

L_EP 37 3 800 0 0 0 0 0 0 0 255 0 17000 -6000 10000 -10000 0 -1 -1 -1 -1 -1 -1 -1 -1 -1 240 251 -174 0 32727 0 0 -1464534093 169 0 -32727 3092 96 200 200 0 0 0 169 80 21 0 244 255

L_ET 38 4 800 0 0 0 0 0 0 0 255 0 4000 -19000 10000 -10000 0 -1 -1 -1 -1 -1 -1 -1 -1 -1 244 251 269 0 -32767 0 0 -1465950211 -329 0 32767 1755 -206 -263 -263 0 0 0 -329 350 21 0 244 255

