L_SFE 1 16 30 0 0 50 0 0 0 0 5 0 15702 -20999 32000 -32000 -3030 32760 -32760 20000 10000 40000 32000 20000 -536 100 251 251 1098 0 3831 0 0 -491339121 7535 0 -3684 1979 246 3502 3502 0 -20949 0 7535 -31716 1 65 240 255

L_SAA 2 15 30 0 0 50 0 0 0 0 5 0 15500 -18918 32000 -32000 -13853 32760 -32760 20000 10000 40000 32000 20000 -536 100 251 251 -7 0 -13064 0 0 -492227195 -12895 0 11259 447 -2616 -16445 -16445 0 -22118 0 -12895 -31878 1 1 240 255

L_HR 3 17 40 0 0 50 0 0 0 0 5 0 11312 -17579 32000 -32000 -905 32760 -32760 20000 10000 40000 32000 20000 -536 100 251 251 -46 0 -3654 0 0 -493199276 -8871 4 3611 2396 -28 -4532 -4532 0 0 0 -8871 -31938 1 65 240 85

L_EB 4 18 0 0 0 0 0 0 0 0 5 0 14678 -21180 32000 -32000 -9095 32760 -32760 20000 10000 40000 32000 20000 -536 100 249 251 -11355 0 7651 535122 0 -492971257 -14232 -1 -8650 2230 0 4438 4438 0 -23906 0 -14232 -31611 1 65 240 255

L_WR 5 19 60 0 5 50 0 0 0 0 5 0 12546 -15379 32000 -32000 -2092 32760 -32760 20000 10000 40000 32000 20000 -536 100 251 251 658 0 -122 0 0 -490751072 12946 -1 125 1234 -119 12546 15182 0 9 0 12946 -31597 1 0 240 255

L_WFE 6 20 20 0 10 5 0 0 0 0 5 0 -8000 -30000 32000 -32000 -1138 32760 -32760 20000 10000 40000 32000 20000 -536 100 255 251 -9748 0 -13954 0 0 -490991092 4120 -2 14468 2712 1230 -8000 16187 0 4283 0 4120 -31924 1 65 240 255

L_WAA 7 21 20 0 10 5 0 0 0 0 5 0 25000 1000 32000 -32000 462 32760 -32760 20000 10000 40000 32000 20000 -536 100 255 251 -3 0 8043 0 0 -492395209 9437 4 -8075 2033 231 4465 4465 0 27939 0 9437 -31737 1 65 240 85

R_SFE 8 9 20 0 0 50 0 0 0 0 5 0 16217 -20541 32000 -32000 -4847 32760 -32760 20000 10000 40000 32000 20000 -536 100 253 251 182 0 12424 0 0 -492743238 3105 2 -10805 255 -1553 -4027 -4027 0 28697 0 3105 -31837 1 65 240 85

R_SAA 9 8 30 0 0 50 0 0 0 0 5 0 15102 -19166 32000 -32000 -13869 32760 -32760 20000 10000 40000 32000 20000 -536 100 253 251 -5692 0 21460 0 0 -492335204 20791 -1 -19576 -435 -3156 15102 17098 0 -22537 0 20791 -31753 65 80 240 255

R_HR 10 10 40 0 0 50 0 0 0 0 5 0 11617 -16576 32000 -32000 3049 32760 -32760 20000 10000 40000 32000 20000 -536 100 255 251 2 0 7152 0 0 -493835329 -7684 1 -7156 1628 -278 -14845 -14845 0 -19 0 -7684 -31845 1 65 240 255

R_EB 11 11 30 0 0 50 0 0 0 0 5 0 23490 -12553 32000 -32000 2835 32760 -32760 20000 10000 40000 32000 20000 -536 100 251 251 4 0 962 0 0 -493235279 12531 1 -1183 1467 642 16041 16041 0 3095 0 12531 -31830 1 1 240 255

R_WR 12 12 60 0 5 50 0 0 0 0 5 0 4165 -22603 32000 -32000 -2393 32760 -32760 20000 10000 40000 32000 20000 -536 100 251 251 -5 0 -15424 0 0 -492335204 -748 1 15383 408 -1854 4165 9206 0 32 0 -748 -31858 1 81 240 85

R_WFE 13 13 20 0 10 5 0 0 0 0 5 0 -10000 -32000 32000 -32000 -6461 32760 -32760 20000 10000 40000 32000 20000 -536 100 251 251 -20814 0 -11133 0 0 -492851247 9256 0 10497 1376 -1710 -10000 10042 0 17829 0 9256 -31585 65 0 240 255

R_WAA 14 14 20 0 10 5 0 0 0 0 5 0 26196 -3793 32000 -32000 -389 32760 -32760 20000 10000 40000 32000 20000 -536 100 251 251 0 0 1271 0 0 -493067265 9798 -1 -1766 2617 71 10271 10271 0 21210 0 9798 -31893 65 1 240 255

L_HFE 15 23 75 0 0 40 0 0 10000 0 0 0 24800 -13000 32767 -32767 -16450 -1 -1 -1 -1 33554431 -256 32767 0 -32767 255 251 7004 0 -30190 0 0 -493427295 -23052 0 27690 2112 1382 -13000 -17202 0 13939 0 -23052 -30948 85 1 245 235

L_HAA 16 22 50 0 0 10 0 0 5000 0 0 0 -14300 -28500 32767 -32767 780 -1 -1 -1 -1 33554431 -256 -1 -1 -1 251 251 -10644 0 496 0 0 -493955339 -4805 0 -904 1705 -1820 -14300 157 0 5528 0 -4805 -29674 85 1 244 235

L_HFR 17 24 50 0 0 10 0 0 3000 0 0 0 10900 -4000 32767 -32767 -1000 -1 -1 -1 -1 33554431 -256 -1 -1 -1 249 251 2 0 -1983 0 0 -492575224 4123 0 1576 2834 242 5681 5681 0 -808 0 4123 -31326 21 85 245 255

L_KFE 18 25 100 0 0 40 0 0 -10000 0 0 0 26600 -11100 32767 -32767 -8173 -1 -1 -1 -1 184549375 -256 32767 0 -32767 253 251 -1335 0 9706 0 0 -494135354 12521 0 -11522 4907 3356 -678 -678 0 29969 0 12521 -31299 85 1 245 79

L_AR 19 26 50 0 0 50 0 0 -3000 0 0 0 8400 300 32767 -32767 -550 -1 -1 -1 -1 184549375 -256 32767 0 -32767 253 251 -1102 0 6779 0 0 -493163273 12862 0 -7127 412 -520 8400 10012 0 -2190 0 12862 -31541 85 1 245 128

L_AFE 20 28 50 0 0 50 0 0 -14460 0 0 0 11100 -10200 32767 -32767 -300 -1 -1 -1 -1 184549375 -256 32767 0 -32767 255 251 3 0 -302 0 0 -493523303 7055 0 291 2127 151 6573 6573 0 -313 0 7055 -31423 85 1 245 0

L_AAA 21 27 100 0 0 50 0 0 15000 0 0 0 6200 -3600 32767 -32767 300 -1 -1 -1 -1 -1 -1 -1 -1 -1 253 251 0 0 -768 0 0 -492287200 2500 -3 836 2508 -55 3059 3059 0 401 0 2500 -31871 85 85 245 255

R_HFE 22 30 75 0 0 40 0 0 10000 0 0 0 12200 -23800 32767 -32767 11300 -1 -1 -1 -1 184549375 -256 32767 0 -32767 249 251 -3 0 -7943 0 0 -492419211 59 1 6530 1794 -646 1337 1337 0 -2720 0 59 -31671 85 65 245 173

R_HAA 23 29 100 0 0 10 0 0 -5000 0 0 0 15000 1300 32767 -32767 -170 -1 -1 -1 -1 -1 -1 -1 -1 -1 251 251 6664 0 -98 0 0 -493019261 -3120 -1 1512 3798 1667 1300 -10112 0 8146 0 -3120 -31878 85 85 245 255

R_HFR 24 31 50 0 0 10 0 0 -3000 0 0 0 26200 11000 32767 -32767 1800 -1 -1 -1 -1 -1 -1 -1 -1 -1 255 251 30724 0 2001 0 0 -493247280 -9791 -1 -1135 -621 -4105 11000 -15984 0 -2785 0 -9791 -31518 85 85 245 255

R_KFE 25 32 100 0 0 50 0 0 10000 0 0 0 12500 -24000 32767 -32767 -6150 -1 -1 -1 -1 -1 -1 -1 -1 -1 251 251 16 0 -6336 0 0 -492467215 -10562 0 7921 2466 1514 -2724 -2724 0 -21144 0 -10562 -31340 85 85 245 255

R_AR 26 33 200 0 0 50 0 0 -3000 0 0 0 26500 18000 32767 -32767 3800 -1 -1 -1 -1 -1 -1 -1 -1 -1 249 251 9738 0 -3661 0 0 -493247280 8982 0 4571 6181 6152 18000 7530 0 -601 0 8982 -31525 85 85 245 255

R_AFE 27 35 100 0 0 50 0 0 -15000 0 0 0 1200 -19400 32767 -32767 -152 -1 -1 -1 -1 -1 -1 -1 -1 -1 249 251 10 0 1855 0 0 -493103268 -678 3 -1811 1680 -447 -2726 -2726 0 -1345 0 -678 -31135 85 85 245 255

R_AAA 28 34 200 0 0 50 0 0 -15000 0 0 0 4200 -5600 32767 -32767 152 -1 -1 -1 -1 -1 -1 -1 -1 -1 251 251 -19 0 10559 0 0 -492743238 3396 -2 -9599 3143 1392 2779 2779 0 -427 0 3396 -31874 85 85 245 255

B_TR 29 38 25 0 0 200 0 0 0 0 0 0 21000 2900 32767 -32767 1021 -1 -1 -1 -1 -1 -1 -1 -1 -1 255 251 3022 0 2726 0 0 -493727320 8415 0 -1824 1307 -886 2900 -3070 0 -14570 0 8415 -30553 85 85 245 255

B_TAA 30 37 100 0 0 150 0 0 0 0 0 0 4800 -5200 32767 -32767 -100 -1 -1 -1 -1 -1 -1 -1 -1 -1 251 251 8 0 -828 0 0 -493427295 1084 1 2440 -778 -1270 1493 1493 0 -968 0 1084 -31543 85 85 245 255

B_TFE 31 36 50 0 0 100 0 0 0 0 0 0 4500 -9000 32767 -32767 6355 -1 -1 -1 -1 -1 -1 -1 -1 -1 249 251 -96 0 -1946 0 0 -493679316 -8364 0 924 1242 -316 -8132 -8132 0 -448 0 -8364 -28909 85 85 245 255

B_HN 32 7 40 0 0 50 0 0 0 0 5 0 16244 -21240 32000 -32000 132 32760 -32760 20000 10000 40000 32000 20000 -536 100 251 251 3 0 5752 0 0 -491231112 -6713 2 -6547 980 -145 -15822 -15822 0 -3 0 -6713 -31716 1 65 240 255

B_HT 33 6 30 0 0 50 0 0 0 0 5 0 21500 -18450 32000 -32000 -974 32760 -32760 20000 10000 40000 32000 20000 -536 100 251 251 6 0 3330 0 0 -491771157 4253 0 -4396 1858 -784 -9762 -9762 0 -2 0 4253 -31675 1 1 240 255

B_HR 34 5 30 0 0 50 0 0 0 0 5 0 6045 -27883 32000 -32000 442 32760 -32760 20000 10000 40000 32000 20000 -536 100 251 251 -4 0 6443 0 0 -492923253 -11995 -1 -6056 2919 2177 -3503 -3503 0 4 0 -11995 -31903 1 1 240 230

R_EP 35 1 400 0 0 0 0 0 0 0 5 0 15871 -7782 32000 -32000 0 32760 -32760 20000 10000 40000 32000 20000 -536 100 240 251 -3 0 32729 0 0 -489729428 767 0 -32729 2368 -235 617 617 0 0 0 767 -72 1 81 240 85

R_ET 36 2 400 0 0 0 0 0 0 0 5 0 11187 -12500 32000 -32000 0 32760 -32760 20000 10000 40000 32000 20000 -536 100 244 251 1 0 -32767 0 0 -489550972 -643 0 32767 1628 21 -656 -656 0 0 0 -643 196 1 80 240 255

L_EP 37 3 400 0 0 0 0 0 0 0 5 0 14848 -9921 32000 -32000 0 32760 -32760 20000 10000 40000 32000 20000 -536 100 240 251 9 0 32727 0 0 -489094934 579 0 -32729 3263 -593 200 200 0 0 0 579 537 1 81 240 255

L_ET 38 4 400 0 0 0 0 0 0 0 5 0 10264 -13158 32000 -32000 0 32760 -32760 20000 10000 40000 32000 20000 -536 100 244 251 5 0 -32767 0 0 -491591142 -396 -1 32767 1704 -114 -323 -323 0 0 0 -396 -61 1 81 240 85

