L_SFE 1 16 20 0 0 30 0 0 0 0 255 0 18000 -28000 32767 -32767 -8425 -1 -1 -1 -1 -1 -1 -1 -1 -1 251 251 -4 0 96 0 0 1841204867 5169 0 -89 1831 37 5517 5517 0 -1824 0 5169 -31712 21 0 244 255

L_SAA 2 15 60 0 1 20 0 0 0 0 255 0 25000 -8000 32767 -32767 4400 -1 -1 -1 -1 -1 -1 -1 -1 -1 251 251 4819 0 -37 0 0 1837496558 -12810 -1 14 3103 1688 -5602 -5602 0 -20611 0 -12810 -31865 21 0 244 255

L_HR 3 17 30 0 0 40 0 0 0 0 255 0 20000 -9000 32767 -32767 1650 -1 -1 -1 -1 -1 -1 -1 -1 -1 251 251 1 0 44 0 0 1833272206 52 0 -42 2375 -56 -481 -481 0 0 0 52 -31920 21 0 244 255

L_EB 4 18 20 0 0 50 0 0 0 0 255 0 12000 -22000 32767 -32767 2875 -1 -1 -1 -1 -1 -1 -1 -1 -1 249 251 -3 0 -55 0 0 1834052271 -12192 -1 65 2584 543 -5075 -5075 0 -5948 0 -12192 -31596 21 0 244 255

L_WR 5 19 10 0 0 20 0 0 0 0 255 0 5000 -21000 32767 -32767 -2000 -1 -1 -1 -1 -1 -1 -1 -1 -1 251 251 2 0 -20 0 0 1842056938 3561 0 19 1236 -101 1018 1018 0 11 0 3561 -31526 21 0 244 255

L_WFE 6 20 15 0 0 5 0 0 0 0 255 0 25000 3000 32767 -32767 11750 -1 -1 -1 -1 -1 -1 -1 -1 -1 255 251 -1 0 -405 0 0 1841252871 7960 1 360 1876 -66 9220 9220 0 29512 0 7960 -31917 21 0 244 255

L_WAA 7 21 10 0 0 5 0 0 0 0 255 0 1500 -18000 32767 -32767 -10000 -1 -1 -1 -1 -1 -1 -1 -1 -1 255 251 -11043 0 75 0 0 1836572481 11821 0 14 2139 404 1500 14232 0 -21378 0 11821 -31702 21 0 244 255

R_SFE 8 9 20 0 0 10 0 0 0 0 255 0 16000 -20000 32767 -32767 13000 -1 -1 -1 -1 -1 -1 -1 -1 -1 253 251 -1 0 450 0 0 1842320960 -5921 0 -629 1228 -151 -4299 -4299 0 8759 0 -5921 -31894 21 0 244 255

R_SAA 9 8 30 0 0 20 0 0 0 0 255 0 10000 -20000 32767 -32767 16000 -1 -1 -1 -1 -1 -1 -1 -1 -1 253 251 -10811 0 211 0 0 1841564897 20810 0 -185 2370 1253 10000 13414 0 20425 0 20810 -31785 21 0 244 255

R_HR 10 10 30 0 0 40 0 0 0 0 255 0 4500 -22000 32767 -32767 -1950 -1 -1 -1 -1 -1 -1 -1 -1 -1 255 251 1 0 -40 0 0 1833836253 -13805 0 35 1712 -328 -10952 -10952 0 7 0 -13805 -31902 21 0 244 255

R_EB 11 11 20 0 0 40 0 0 0 0 255 0 20000 -17000 32767 -32767 1550 -1 -1 -1 -1 -1 -1 -1 -1 -1 251 251 -16 0 70 0 0 1834220285 7401 0 -79 889 -359 2650 2650 0 4124 0 7401 -31866 85 85 245 255

R_WR 12 12 20 0 0 30 0 0 0 0 255 0 20000 500 32767 -32767 8500 -1 -1 -1 -1 -1 -1 -1 -1 -1 251 251 2 0 177 0 0 1838264622 15141 0 -171 1255 -498 8520 8520 0 -21 0 15141 -31862 21 0 244 255

R_WFE 13 13 10 0 0 10 0 0 0 0 255 0 30000 6000 32767 -32767 0 -1 -1 -1 -1 -1 -1 -1 -1 -1 251 251 -4 0 -5448 0 0 1835600400 7973 0 5579 2318 63 15183 15183 0 -24191 0 7973 -31583 21 0 244 255

R_WAA 14 14 15 0 0 10 0 0 0 0 255 0 16000 -5000 32767 -32767 0 -1 -1 -1 -1 -1 -1 -1 -1 -1 251 251 0 0 1601 0 0 1834208284 8369 4 -1582 2669 109 9186 9186 0 -28734 0 8369 -31877 21 0 244 255

L_HFE 15 23 120 0 10 20 0 0 1845 0 255 0 18000 -20000 32767 -32767 25630 -1 -1 -1 -1 -1 -1 -1 -1 -1 255 251 1616 0 -192 0 0 1833152196 -21485 6 207 699 -1015 -19284 -19284 0 4832 0 -21485 -31250 85 85 245 255

L_HAA 16 22 100 0 6 20 0 0 216 0 255 0 8500 -4000 32767 -32767 85 -1 -1 -1 -1 -1 -1 -1 -1 -1 251 251 -1 0 20 0 0 1831064022 -1820 -2 4 3350 760 128 128 0 1934 0 -1820 -30947 21 0 244 255

L_HFR 17 24 50 0 5 20 0 0 49 0 255 0 18000 1500 32767 -32767 -3890 -1 -1 -1 -1 -1 -1 -1 -1 -1 249 251 1824 0 -62 0 0 1837388549 -363 -3 55 3007 359 1500 -307 0 -26 0 -363 -31494 21 0 244 255

L_KFE 18 25 150 0 12 20 0 0 349 0 255 0 12000 -25000 32767 -32767 5785 -1 -1 -1 -1 16777215 -256 -1 -1 -1 253 251 839 0 209 0 0 1830367964 9875 -1 -102 2982 120 9658 9658 0 -980 0 9875 -31436 21 0 244 255

L_AR 19 26 120 0 12 20 0 0 258 0 255 0 6000 -1000 32767 -32767 8900 -1 -1 -1 -1 -1 -1 -1 -1 -1 253 251 -1185 0 -242 0 0 1834808334 7120 0 224 1118 543 6000 7052 0 41 0 7120 -31578 5 0 240 255

L_AFE 20 28 120 0 15 300 0 0 -370 0 255 0 13000 -6500 32767 -32767 150 -1 -1 -1 -1 -1 -1 -1 -1 -1 255 250 -2 0 21 0 0 1832864172 4823 0 11 2285 370 1783 1783 0 2123 0 4823 -31458 21 0 240 255

L_AAA 21 27 80 0 10 300 0 0 106 0 255 0 9000 500 32767 -32767 -850 -1 -1 -1 -1 -1 -1 -1 -1 -1 253 251 0 0 -32 0 0 1838180615 1896 0 14 2720 202 1303 1303 0 -444 0 1896 -31887 21 0 244 255

R_HFE 22 30 120 0 10 20 0 0 -1165 0 255 0 13500 -30000 32767 -32767 200 -1 -1 -1 -1 -1 -1 -1 -1 -1 249 251 0 0 151 0 0 1837220535 6581 0 -157 1305 -1492 3372 3372 0 7036 0 6581 -31677 21 0 240 255

R_HAA 23 29 100 0 10 50 0 0 462 0 255 0 -2000 -16000 32767 -32767 -155 -1 -1 -1 -1 -1 -1 -1 -1 -1 251 251 2 0 60 0 0 1834844337 -6508 0 -28 2577 -370 -7468 -7468 0 1015 0 -6508 -31871 17 0 240 255

R_HFR 24 31 50 0 5 20 0 0 355 0 255 0 -8000 -23500 32767 -32767 -950 -1 -1 -1 -1 -1 -1 -1 -1 -1 255 251 2 0 -44 0 0 1833392216 -14320 0 16 2082 246 -15571 -15571 0 -621 0 -14320 -31483 21 0 240 255

R_KFE 25 32 120 0 10 20 0 0 -84 0 255 0 21222 -15000 32767 -32767 2600 -1 -1 -1 -1 -1 -1 -1 -1 -1 251 251 -272 0 -21 0 0 1836248454 -14132 -5 101 1592 164 -13764 -13764 0 1658 0 -14132 -31079 21 0 240 255

R_AR 26 33 120 0 12 50 0 0 -148 0 255 0 8974 -330 32767 -32767 -1400 -1 -1 -1 -1 -1 -1 -1 -1 -1 249 251 -1 0 -27 0 0 1832348129 7860 0 30 2100 -419 6980 6980 0 81 0 7860 -31143 21 0 240 255

R_AFE 27 35 150 0 15 200 0 0 -219 0 255 0 6000 -17500 32767 -32767 2500 -1 -1 -1 -1 -1 -1 -1 -1 -1 249 250 0 0 -22 0 0 1833572231 -835 0 -11 1816 -219 941 941 0 4094 0 -835 -30656 21 0 240 255

R_AAA 28 34 150 0 15 300 0 0 -1090 0 255 0 -2500 -10000 32767 -32767 -15000 -1 -1 -1 -1 -1 -1 -1 -1 -1 251 251 -2482 0 1775 0 0 1834772331 -98 0 -1802 2253 -2 -3705 -3705 0 2565 0 -98 -31833 21 0 240 255

B_TR 29 38 40 0 0 60 0 0 0 0 255 0 8000 -7000 32767 -32767 2000 -1 -1 -1 -1 -1 -1 -1 -1 -1 255 251 0 0 3534 0 0 1831652071 2140 0 -3524 1881 -82 -2617 -2617 0 -5834 0 2140 -31115 21 0 244 255

B_TAA 30 37 60 0 0 50 0 0 0 0 255 0 3000 -1000 32767 -32767 0 -1 -1 -1 -1 -1 -1 -1 -1 -1 249 251 0 0 889 0 0 1832732161 1260 0 -875 151 181 1307 1307 0 -128 0 1260 -31512 21 0 240 255

B_TFE 31 36 40 0 0 25 0 0 0 0 255 0 -8000 -18000 32767 -32767 0 -1 -1 -1 -1 -1 -1 -1 -1 -1 249 251 -3330 0 2592 0 0 1831736078 -4657 0 -2586 1344 -270 -8000 -4495 0 -313 0 -4657 -30393 17 0 244 255

B_HN 32 7 10 0 0 5 0 0 0 0 255 0 28500 -1500 32767 -32767 0 -1 -1 -1 -1 -1 -1 -1 -1 -1 251 251 -4224 0 32767 0 0 1849845587 29247 1 -32767 1122 -92 10531 10531 0 -6 0 29247 -31701 21 0 244 255

B_HT 33 6 10 0 0 5 0 0 0 0 255 0 8500 -25000 32767 -32767 0 -1 -1 -1 -1 -1 -1 -1 -1 -1 251 251 -20854 0 4539 0 0 1845045187 29351 -1 -4560 2142 -984 1900 1900 0 -3 0 29351 -31704 21 0 244 255

B_HR 34 5 30 0 1 10 0 0 0 0 255 0 18000 -6000 32767 -32767 0 -1 -1 -1 -1 -1 -1 -1 -1 -1 253 251 -1 0 -6247 0 0 1839068689 -2250 1 6227 1367 -434 3533 3533 0 3 0 -2250 -31907 21 0 244 255

R_EP 35 1 800 0 0 0 0 0 0 0 255 0 11000 -12000 10000 -10000 0 -1 -1 -1 -1 -1 -1 -1 -1 -1 240 251 -5 0 32730 0 0 1848875065 1277 -2 -32729 2573 -1525 789 789 0 0 0 1277 1219 21 0 244 255

R_ET 36 2 800 0 0 0 0 0 0 0 255 0 11000 -12500 10000 -10000 0 -1 -1 -1 -1 -1 -1 -1 -1 -1 244 251 96 0 -32767 0 0 1849233536 -1053 2 32767 1719 -828 -788 -788 0 0 0 -1053 814 21 0 244 255

L_EP 37 3 800 0 0 0 0 0 0 0 255 0 17000 -6000 10000 -10000 0 -1 -1 -1 -1 -1 -1 -1 -1 -1 240 251 64 0 32727 0 0 1852269790 44 0 -32727 2853 1131 406 406 0 0 0 44 -1172 21 0 244 255

L_ET 38 4 800 0 0 0 0 0 0 0 255 0 4000 -19000 10000 -10000 0 -1 -1 -1 -1 -1 -1 -1 -1 -1 244 251 0 0 -32767 0 0 1842080940 -836 -1 32767 1691 -846 -565 -565 0 0 0 -836 899 21 0 244 255

