L_SFE 1 16 20 0 0 30 0 0 0 0 255 0 18000 -28000 32767 -32767 -8425 -1 -1 -1 -1 -1 -1 -1 -1 -1 251 251 -332 0 55 0 0 403870531 5102 1 -102 1856 44 5517 5517 0 -2168 0 5102 -31697 21 0 244 255

L_SAA 2 15 60 0 1 20 0 0 0 0 255 0 25000 -8000 32767 -32767 4400 -1 -1 -1 -1 -1 -1 -1 -1 -1 251 251 1015 0 -1939 0 0 402646429 -12827 0 49 3115 1689 -5602 -5602 0 -20506 0 -12827 -31857 21 0 244 255

L_HR 3 17 30 0 0 40 0 0 0 0 255 0 20000 -9000 32767 -32767 1650 -1 -1 -1 -1 -1 -1 -1 -1 -1 251 251 3678 0 35 0 0 401422327 -35 1 -45 2391 -46 -481 -481 0 0 0 -35 -31932 21 0 244 255

L_EB 4 18 20 0 0 50 0 0 0 0 255 0 12000 -22000 32767 -32767 2875 -1 -1 -1 -1 -1 -1 -1 -1 -1 249 251 9514 0 -32 0 0 401746354 -13295 0 55 2656 631 -5075 -5075 0 -6812 0 -13295 -31583 21 0 244 255

L_WR 5 19 10 0 0 20 0 0 0 0 255 0 5000 -21000 32767 -32767 -2000 -1 -1 -1 -1 -1 -1 -1 -1 -1 251 251 -2033 0 -11 0 0 404314568 3820 0 23 1239 -112 1018 1018 0 12 0 3820 -31537 21 0 244 255

L_WFE 6 20 15 0 0 5 0 0 0 0 255 0 25000 3000 32767 -32767 11750 -1 -1 -1 -1 -1 -1 -1 -1 -1 255 251 -5490 0 -3826 0 0 404050546 8791 0 677 1921 -11 9220 9220 0 10029 0 8791 -31909 21 0 244 255

L_WAA 7 21 10 0 0 5 0 0 0 0 255 0 1500 -18000 32767 -32767 -10000 -1 -1 -1 -1 -1 -1 -1 -1 -1 255 251 -12733 0 -309 0 0 402478415 11902 0 -69 2172 405 1500 14232 0 -25162 0 11902 -31705 21 0 244 255

R_SFE 8 9 20 0 0 10 0 0 0 0 255 0 16000 -20000 32767 -32767 13000 -1 -1 -1 -1 -1 -1 -1 -1 -1 253 251 273 0 578 0 0 404314568 -5824 5 -512 1229 -139 -4299 -4299 0 8277 0 -5824 -31887 21 0 244 255

R_SAA 9 8 30 0 0 20 0 0 0 0 255 0 10000 -20000 32767 -32767 16000 -1 -1 -1 -1 -1 -1 -1 -1 -1 253 251 -316 0 2718 0 0 403930536 20809 -1 -233 2394 1249 10000 20805 0 -18 0 20809 -31775 21 0 244 255

R_HR 10 10 30 0 0 40 0 0 0 0 255 0 4500 -22000 32767 -32767 -1950 -1 -1 -1 -1 -1 -1 -1 -1 -1 255 251 906 0 -12 0 0 401626344 -13655 4 47 1733 -309 -10952 -10952 0 7 0 -13655 -31907 21 0 244 255

R_EB 11 11 20 0 0 40 0 0 0 0 255 0 20000 -17000 32767 -32767 1550 -1 -1 -1 -1 -1 -1 -1 -1 -1 251 251 -8196 0 26 0 0 401830361 7762 0 -68 895 -389 2650 2650 0 4421 0 7762 -31866 85 85 245 255

R_WR 12 12 20 0 0 30 0 0 0 0 255 0 20000 500 32767 -32767 8500 -1 -1 -1 -1 -1 -1 -1 -1 -1 251 251 -8021 0 180 0 0 403030461 15482 0 -167 1234 -525 8520 8520 0 -23 0 15482 -31847 21 0 244 255

R_WFE 13 13 10 0 0 10 0 0 0 0 255 0 30000 6000 32767 -32767 0 -1 -1 -1 -1 -1 -1 -1 -1 -1 251 251 -4143 0 -6261 0 0 402226394 7755 0 5437 2344 77 15183 15183 0 -18379 0 7755 -31571 21 0 244 255

R_WAA 14 14 15 0 0 10 0 0 0 0 255 0 16000 -5000 32767 -32767 0 -1 -1 -1 -1 -1 -1 -1 -1 -1 251 251 2084 0 1725 0 0 401674348 7876 0 -1446 2704 133 9186 9186 0 -6607 0 7876 -31871 21 0 244 255

L_HFE 15 23 120 0 10 20 0 0 568 0 255 0 18000 -20000 32767 -32767 25630 -1 -1 -1 -1 -1 -1 -1 -1 -1 255 251 3252 0 -181 0 0 401194308 -21396 1 188 746 -975 -19284 -19284 0 4649 0 -21396 -31293 85 85 245 255

L_HAA 16 22 100 0 6 20 0 0 498 0 255 0 8500 -4000 32767 -32767 85 -1 -1 -1 -1 -1 -1 -1 -1 -1 251 251 2357 0 31 0 0 400630261 -1986 -2 -22 3428 827 128 128 0 2099 0 -1986 -31114 21 0 244 255

L_HFR 17 24 50 0 5 20 0 0 49 0 255 0 18000 1500 32767 -32767 -3890 -1 -1 -1 -1 -1 -1 -1 -1 -1 249 251 1796 0 -43 0 0 402442412 -363 0 67 3007 358 1500 -307 0 -34 0 -363 -31466 21 0 244 255

L_KFE 18 25 100 0 10 20 0 0 422 0 255 0 12000 -25000 32767 -32767 5785 -1 -1 -1 -1 16777215 -256 -1 -1 -1 253 251 -3085 0 -215 0 0 400450246 9634 0 -118 2920 -18 9658 9658 0 99 0 9634 -31453 21 0 244 255

L_AR 19 26 120 0 12 20 0 0 260 0 255 0 6000 -1000 32767 -32767 8900 -1 -1 -1 -1 -1 -1 -1 -1 -1 253 251 599 0 -15 0 0 401854363 7038 2 202 1110 503 6000 7052 0 -9 0 7038 -31591 5 0 240 255

L_AFE 20 28 120 0 15 300 0 0 501 0 255 0 13000 -6500 32767 -32767 150 -1 -1 -1 -1 -1 -1 -1 -1 -1 255 251 -4404 0 20 0 0 401242312 4420 0 -16 2836 1218 1783 1783 0 1842 0 4420 -31474 21 0 240 255

L_AAA 21 27 80 0 10 300 0 0 108 0 255 0 9000 500 32767 -32767 -850 -1 -1 -1 -1 -1 -1 -1 -1 -1 253 251 -1029 0 -2 0 0 402850446 1856 0 28 2749 206 1303 1303 0 -413 0 1856 -31873 21 0 244 255

R_HFE 22 30 120 0 10 20 0 0 -546 0 255 0 13500 -30000 32767 -32767 200 -1 -1 -1 -1 -1 -1 -1 -1 -1 249 251 -3943 0 49 0 0 402454413 6442 0 -157 1362 -1427 3372 3372 0 6765 0 6442 -31681 21 0 240 255

R_HAA 23 29 100 0 10 50 0 0 346 0 255 0 -2000 -16000 32767 -32767 -155 -1 -1 -1 -1 -1 -1 -1 -1 -1 251 251 -2145 0 21 0 0 401758355 -6568 0 -64 2614 -340 -7468 -7468 0 944 0 -6568 -31890 17 0 240 255

R_HFR 24 31 50 0 5 20 0 0 364 0 255 0 -8000 -23500 32767 -32767 -950 -1 -1 -1 -1 -1 -1 -1 -1 -1 255 251 -28 0 -53 0 0 401314318 -14591 0 39 2079 195 -15571 -15571 0 -487 0 -14591 -31511 21 0 240 255

R_KFE 25 32 100 0 10 20 0 0 -169 0 255 0 21222 -15000 32767 -32767 2600 -1 -1 -1 -1 -1 -1 -1 -1 -1 251 251 1262 0 -5 0 0 402154388 -14023 -1 111 1587 92 -13764 -13764 0 1233 0 -14023 -31140 21 0 240 255

R_AR 26 33 120 0 12 50 0 0 -150 0 255 0 8974 -330 32767 -32767 -1400 -1 -1 -1 -1 -1 -1 -1 -1 -1 249 251 -900 0 -52 0 0 401050296 7822 0 70 2161 -409 6980 6980 0 74 0 7822 -31329 21 0 240 255

R_AFE 27 35 150 0 15 200 0 0 -493 0 255 0 6000 -17500 32767 -32767 2500 -1 -1 -1 -1 -1 -1 -1 -1 -1 249 251 355 0 -19 0 0 401326319 -894 1 37 1826 -261 -1290 -1290 0 -910 0 -894 -30945 21 0 240 255

R_AAA 28 34 150 0 15 300 0 0 -1213 0 255 0 -2500 -10000 32767 -32767 -15000 -1 -1 -1 -1 -1 -1 -1 -1 -1 251 251 -2395 0 1769 0 0 401770356 -135 0 -1769 2243 -19 -3705 -3705 0 2535 0 -135 -31854 21 0 240 255

B_TR 29 38 40 0 0 60 0 0 0 0 255 0 8000 -7000 32767 -32767 2000 -1 -1 -1 -1 -1 -1 -1 -1 -1 255 251 -4819 0 3531 0 0 400774273 2244 0 -3541 1914 -70 -2617 -2617 0 -5947 0 2244 -31172 21 0 244 255

B_TAA 30 37 60 0 0 50 0 0 0 0 255 0 3000 -1000 32767 -32767 0 -1 -1 -1 -1 -1 -1 -1 -1 -1 249 251 -112 0 808 0 0 401074298 1233 -3 -869 161 187 1307 1307 0 -180 0 1233 -31560 21 0 240 255

B_TFE 31 36 40 0 0 25 0 0 0 0 255 0 -8000 -18000 32767 -32767 0 -1 -1 -1 -1 -1 -1 -1 -1 -1 249 251 -3637 0 2474 0 0 400726269 -4791 -2 -2556 1377 -252 -8000 -4495 0 -582 0 -4791 -30591 17 0 244 255

B_HN 32 7 10 0 0 5 0 0 0 0 255 0 28500 -1500 32767 -32767 0 -1 -1 -1 -1 -1 -1 -1 -1 -1 251 251 9547 0 32767 0 0 406774773 29225 0 -32767 1111 -91 10531 10531 0 -6 0 29225 -31684 21 0 244 255

B_HT 33 6 10 0 0 5 0 0 0 0 255 0 8500 -25000 32767 -32767 0 -1 -1 -1 -1 -1 -1 -1 -1 -1 251 251 2060 0 3984 0 0 405286649 29381 -1 -4526 2177 -986 1900 1900 0 -3 0 29381 -31696 21 0 244 255

B_HR 34 5 30 0 1 10 0 0 0 0 255 0 18000 -6000 32767 -32767 0 -1 -1 -1 -1 -1 -1 -1 -1 -1 253 251 9677 0 -5840 0 0 403282482 -2185 0 6303 1381 -423 3533 3533 0 3 0 -2185 -31889 21 0 244 255

R_EP 35 1 800 0 0 0 0 0 0 0 255 0 11000 -12000 10000 -10000 0 -1 -1 -1 -1 -1 -1 -1 -1 -1 240 251 -410 0 32730 0 0 406284291 891 0 -32730 2421 -319 789 789 0 0 0 891 267 21 0 244 255

R_ET 36 2 800 0 0 0 0 0 0 0 255 0 11000 -12500 10000 -10000 0 -1 -1 -1 -1 -1 -1 -1 -1 -1 244 251 193 0 32726 0 0 406522752 -1114 0 -32727 1715 -1018 -788 -788 0 0 0 -1114 1173 21 0 244 255

L_EP 37 3 800 0 0 0 0 0 0 0 255 0 17000 -6000 10000 -10000 0 -1 -1 -1 -1 -1 -1 -1 -1 -1 240 251 -211 0 32727 0 0 407350821 308 0 -32726 3064 306 406 406 0 0 0 308 -416 21 0 244 255

L_ET 38 4 800 0 0 0 0 0 0 0 255 0 4000 -19000 10000 -10000 0 -1 -1 -1 -1 -1 -1 -1 -1 -1 244 251 302 0 -32767 0 0 404110551 -625 3 32767 1764 -187 -565 -565 0 0 0 -625 332 21 0 244 255

