L_SFE 1 16 20 0 0 30 0 0 0 0 255 0 18000 -28000 32767 -32767 -8425 -1 -1 -1 -1 -1 -1 -1 -1 -1 251 251 -5388 0 83 0 0 268616441 5517 0 -50 1816 -21 5184 5184 0 1743 0 5517 -31694 21 0 244 255

L_SAA 2 15 30 0 0 20 0 0 0 0 255 0 25000 -8000 32767 -32767 4400 -1 -1 -1 -1 -1 -1 -1 -1 -1 251 251 12824 0 -20 0 0 267968387 -12832 0 32 2428 563 -8000 -9216 0 22543 0 -12832 -31852 21 0 244 255

L_HR 3 17 30 0 0 40 0 0 0 0 255 0 20000 -9000 32767 -32767 1650 -1 -1 -1 -1 -1 -1 -1 -1 -1 251 251 -4115 0 36 0 0 267308333 -481 -1 -37 2700 437 3199 3199 0 0 0 -481 -31919 21 0 244 255

L_EB 4 18 20 0 0 50 0 0 0 0 255 0 12000 -22000 32767 -32767 2875 -1 -1 -1 -1 -1 -1 -1 -1 -1 249 251 13112 0 -46 0 0 267464345 -14222 0 24 2729 738 -4708 -4708 0 -7822 0 -14222 -31593 21 0 244 255

L_WR 5 19 10 0 0 20 0 0 0 0 255 0 5000 -21000 32767 -32767 -2000 -1 -1 -1 -1 -1 -1 -1 -1 -1 251 251 -1346 0 -26 0 0 268856461 1019 0 11 1276 -81 -1018 -1018 0 9 0 1019 -31544 21 0 244 255

L_WFE 6 20 15 0 0 5 0 0 0 0 255 0 25000 3000 32767 -32767 11750 -1 -1 -1 -1 -1 -1 -1 -1 -1 255 251 -1159 0 -197 0 0 268712449 9220 0 3824 2177 397 3731 3731 0 -966 0 9220 -31907 21 0 244 255

L_WAA 7 21 10 0 0 5 0 0 0 0 255 0 1500 -18000 32767 -32767 -10000 -1 -1 -1 -1 -1 -1 -1 -1 -1 255 251 -10904 0 -164 0 0 267848377 14232 0 309 2229 504 1500 5900 0 30515 0 14232 -31701 21 0 244 255

R_SFE 8 9 20 0 0 10 0 0 0 0 255 0 16000 -20000 32767 -32767 13000 -1 -1 -1 -1 -1 -1 -1 -1 -1 253 251 6055 0 674 0 0 268832459 -4299 2 -615 1290 -45 -4027 -4027 0 1481 0 -4299 -31886 21 0 244 255

R_SAA 9 8 30 0 0 20 0 0 0 0 255 0 10000 -20000 32767 -32767 16000 -1 -1 -1 -1 -1 -1 -1 -1 -1 253 251 -804 0 2721 0 0 268628442 20805 0 -195 2407 1251 10000 20794 0 -61 0 20805 -31774 21 0 244 255

R_HR 10 10 30 0 0 40 0 0 0 0 255 0 4500 -22000 32767 -32767 -1950 -1 -1 -1 -1 -1 -1 -1 -1 -1 255 251 13015 0 -40 0 0 267392339 -10952 0 20 1859 -103 -10045 -10045 0 2 0 -10952 -31899 21 0 244 255

R_EB 11 11 20 0 0 40 0 0 0 0 255 0 20000 -17000 32767 -32767 1550 -1 -1 -1 -1 -1 -1 -1 -1 -1 251 251 -7661 0 66 0 0 267584355 11513 0 -13 733 -639 3315 3315 0 6889 0 11513 -31839 85 85 245 255

R_WR 12 12 20 0 0 30 0 0 0 0 255 0 20000 500 32767 -32767 8500 -1 -1 -1 -1 -1 -1 -1 -1 -1 251 251 -6771 0 190 0 0 268172404 8520 0 -184 1185 -605 500 -2206 0 -35 0 8520 -31844 21 0 244 255

R_WFE 13 13 10 0 0 10 0 0 0 0 255 0 30000 6000 32767 -32767 0 -1 -1 -1 -1 -1 -1 -1 -1 -1 251 251 56 0 -5264 0 0 267740368 15183 0 6246 2060 -406 11042 11042 0 -29766 0 15183 -31575 21 0 244 255

R_WAA 14 14 15 0 0 10 0 0 0 0 255 0 16000 -5000 32767 -32767 0 -1 -1 -1 -1 -1 -1 -1 -1 -1 251 251 -11248 0 1753 0 0 267452344 9186 0 -1732 2754 189 11271 11271 0 28718 0 9186 -31863 21 0 244 255

L_HFE 15 23 120 0 10 20 0 0 899 0 255 0 18000 -20000 32767 -32767 25630 -1 -1 -1 -1 -1 -1 -1 -1 -1 255 251 21239 0 -197 0 0 267164320 -22538 0 182 433 -1511 -19284 -19284 0 7239 0 -22538 -31257 85 85 245 255

L_HAA 16 22 100 0 6 20 0 0 531 0 255 0 8500 -4000 32767 -32767 85 -1 -1 -1 -1 -1 -1 -1 -1 -1 251 251 2333 0 64 0 0 266864295 -2228 0 -38 3480 923 128 128 0 2350 0 -2228 -30995 21 0 244 255

L_HFR 17 24 50 0 5 20 0 0 49 0 255 0 18000 1500 32767 -32767 -3890 -1 -1 -1 -1 -1 -1 -1 -1 -1 249 251 1629 0 -21 0 0 267824375 -297 2 51 3014 346 1500 -307 0 3 0 -297 -31466 21 0 244 255

L_KFE 18 25 100 0 10 20 0 0 -422 0 255 0 12000 -25000 32767 -32767 5785 -1 -1 -1 -1 16777215 -256 -1 -1 -1 253 251 -9902 0 110 0 0 266756286 12734 1 232 3668 1220 9658 9658 0 -13814 0 12734 -31421 21 0 244 255

L_AR 19 26 120 0 12 20 0 0 260 0 255 0 6000 -1000 32767 -32767 8900 -1 -1 -1 -1 -1 -1 -1 -1 -1 253 251 -7324 0 -259 0 0 267500348 5404 1 3 612 -279 6000 7052 0 -1090 0 5404 -31571 5 0 240 255

L_AFE 20 28 250 0 24 300 0 0 539 0 255 0 13000 -6500 32767 -32767 150 -1 -1 -1 -1 -1 -1 -1 -1 -1 255 251 -402 0 46 0 0 267188322 6177 -2 -36 4695 4249 1783 1783 0 3111 0 6177 -31465 21 0 240 255

L_AAA 21 27 80 0 10 300 0 0 125 0 255 0 9000 500 32767 -32767 -850 -1 -1 -1 -1 -1 -1 -1 -1 -1 253 251 -1777 0 -19 0 0 268052394 2330 -1 7 2815 330 1303 1303 0 -763 0 2330 -31874 21 0 244 255

R_HFE 22 30 120 0 10 20 0 0 -647 0 255 0 13500 -30000 32767 -32767 200 -1 -1 -1 -1 -1 -1 -1 -1 -1 249 251 -6220 0 164 0 0 267824375 7312 0 -36 1103 -1845 3372 3372 0 8715 0 7312 -31657 21 0 240 255

R_HAA 23 29 100 0 10 50 0 0 177 0 255 0 -2000 -16000 32767 -32767 -155 -1 -1 -1 -1 -1 -1 -1 -1 -1 251 251 4083 0 47 0 0 267452344 -5323 -1 -36 2315 -831 -7468 -7468 0 2330 0 -5323 -31873 17 0 240 255

R_HFR 24 31 50 0 5 20 0 0 369 0 255 0 -8000 -23500 32767 -32767 -950 -1 -1 -1 -1 -1 -1 -1 -1 -1 255 251 7992 0 -36 0 0 267236326 -15542 0 71 1956 12 -15571 -15571 0 -14 0 -15542 -31487 21 0 240 255

R_KFE 25 32 120 0 10 20 0 0 -31 0 255 0 21222 -15000 32767 -32767 2600 -1 -1 -1 -1 -1 -1 -1 -1 -1 251 251 -497 0 41 0 0 267680363 -15026 -2 5 1905 591 -13764 -13764 0 6052 0 -15026 -31091 21 0 240 255

R_AR 26 33 150 0 15 50 0 0 -150 0 255 0 8974 -330 32767 -32767 -1400 -1 -1 -1 -1 -1 -1 -1 -1 -1 249 251 -551 0 -22 0 0 267080313 6417 1 49 2075 -539 5514 5514 0 79 0 6417 -31279 21 0 240 255

R_AFE 27 35 270 0 25 200 0 0 -451 0 255 0 6000 -17500 32767 -32767 2500 -1 -1 -1 -1 -1 -1 -1 -1 -1 249 251 -285 0 -58 0 0 267248327 -1643 -1 36 2194 344 -1290 -1290 0 814 0 -1643 -30800 21 0 240 255

R_AAA 28 34 150 0 15 300 0 0 -1172 0 255 0 -2500 -10000 32767 -32767 -15000 -1 -1 -1 -1 -1 -1 -1 -1 -1 251 251 -2990 0 1761 0 0 267476346 -1312 0 -1764 2681 665 -3705 -3705 0 1669 0 -1312 -31843 21 0 240 255

B_TR 29 38 40 0 0 60 0 0 0 0 255 0 8000 -7000 32767 -32767 2000 -1 -1 -1 -1 -1 -1 -1 -1 -1 255 251 -2530 0 3740 0 0 266948302 1446 0 -3551 1901 -79 -3370 -3370 0 -5660 0 1446 -31078 21 0 244 255

B_TAA 30 37 120 0 12 50 0 0 0 0 255 0 3000 -1000 32767 -32767 0 -1 -1 -1 -1 -1 -1 -1 -1 -1 249 251 -112 0 924 0 0 267092314 1307 -1 -805 125 103 1193 1193 0 271 0 1307 -31519 21 0 240 255

B_TFE 31 36 40 0 0 25 0 0 0 0 255 0 -8000 -18000 32767 -32767 0 -1 -1 -1 -1 -1 -1 -1 -1 -1 249 251 -2962 0 2474 0 0 266900298 -4495 -3 -2474 1341 -327 -8132 -8132 0 7395 0 -4495 -30292 17 0 244 255

B_HN 32 7 10 0 0 5 0 0 0 0 255 0 28500 -1500 32767 -32767 0 -1 -1 -1 -1 -1 -1 -1 -1 -1 251 251 -26416 0 32767 0 0 270152569 6272 0 -32767 1797 1013 15822 15822 0 3 0 6272 -31697 21 0 244 255

B_HT 33 6 10 0 0 5 0 0 0 0 255 0 8500 -25000 32767 -32767 0 -1 -1 -1 -1 -1 -1 -1 -1 -1 251 251 -29346 0 4543 0 0 269336501 6440 0 -3977 2872 158 8500 15762 0 1 0 6440 -31699 21 0 244 255

B_HR 34 5 15 0 0 10 0 0 0 0 255 0 18000 -6000 32767 -32767 0 -1 -1 -1 -1 -1 -1 -1 -1 -1 253 251 12375 0 -6083 0 0 268280413 -1985 -1 6181 1839 331 -3503 -3503 0 0 0 -1985 -31894 21 0 244 255

R_EP 35 1 800 0 0 0 0 0 0 0 255 0 11000 -12000 10000 -10000 0 -1 -1 -1 -1 -1 -1 -1 -1 -1 240 251 -615 0 32729 0 0 269854103 789 -1 -32729 2546 -1272 382 382 0 0 0 789 1199 21 0 244 255

R_ET 36 2 800 0 0 0 0 0 0 0 255 0 11000 -12500 10000 -10000 0 -1 -1 -1 -1 -1 -1 -1 -1 -1 244 251 482 0 32727 0 0 269984555 -788 1 -32728 1737 -600 -596 -596 0 0 0 -788 807 21 0 244 255

L_EP 37 3 800 0 0 0 0 0 0 0 255 0 17000 -6000 10000 -10000 0 -1 -1 -1 -1 -1 -1 -1 -1 -1 240 251 -174 0 32727 0 0 270428592 406 0 -32727 3304 -644 200 200 0 0 0 406 816 21 0 244 255

L_ET 38 4 800 0 0 0 0 0 0 0 255 0 4000 -19000 10000 -10000 0 -1 -1 -1 -1 -1 -1 -1 -1 -1 244 251 269 0 -32767 0 0 268676446 -565 -1 32767 1663 -943 -263 -263 0 0 0 -565 785 21 0 244 255

