404 101 4 100
L_HFE_des_th L_HFE_des_thd L_HFE_des_thdd L_HFE_uff
0.200000 0.000788 0.000000 0.000000
0.200008 0.000788 0.463344 0.695016
0.200062 0.005421 0.900864 1.351296
0.200206 0.014430 1.310736 1.966104
0.200482 0.027537 1.693536 2.540304
0.200927 0.044473 2.049840 3.074760
0.201576 0.064971 2.380224 3.570336
0.202464 0.088773 2.685264 4.027896
0.203620 0.115626 2.965536 4.448304
0.205073 0.145281 3.221616 4.832424
0.206848 0.177498 3.454080 5.181120
0.208968 0.212038 3.663504 5.495256
0.211455 0.248673 3.850464 5.775696
0.214327 0.287178 4.015536 6.023304
0.217600 0.327333 4.159296 6.238944
0.221290 0.368926 4.282320 6.423480
0.225407 0.411750 4.385184 6.577776
0.229963 0.455601 4.468464 6.702696
0.234966 0.500286 4.532736 6.799104
0.240422 0.545613 4.578576 6.867864
0.246336 0.591399 4.606560 6.909840
0.252711 0.637465 4.617264 6.925896
0.259547 0.683637 4.611264 6.916896
0.266845 0.729750 4.589136 6.883704
0.274601 0.775641 4.551456 6.827184
0.282813 0.821156 4.498800 6.748200
0.291474 0.866144 4.431744 6.647616
0.300579 0.910461 4.350864 6.526296
0.310118 0.953970 4.256736 6.385104
0.320084 0.996537 4.149936 6.224904
0.330464 1.038037 4.031040 6.046560
0.341247 1.078347 3.900624 5.850936
0.352421 1.117353 3.759264 5.638896
0.363970 1.154946 3.607536 5.411304
0.375881 1.191021 3.446016 5.169024
0.388136 1.225482 3.275280 4.912920
0.400718 1.258234 3.095904 4.643856
0.413610 1.289193 2.908464 4.362696
0.426793 1.318278 2.713536 4.070304
0.440247 1.345413 2.511696 3.767544
0.453952 1.370530 2.303520 3.455280
0.467888 1.393566 2.089584 3.134376
0.482032 1.414461 1.870464 2.805696
0.496364 1.433166 1.646736 2.470104
0.510860 1.449633 1.418976 2.128464
0.525498 1.463823 1.187760 1.781640
0.540256 1.475701 0.953664 1.430496
0.555108 1.485237 0.717264 1.075896
0.570032 1.492410 0.479136 0.718704
0.585004 1.497201 0.239856 0.359784
0.600000 1.499600 0.000000 0.000000
0.614996 1.499600 -0.239856 -0.359784
0.629968 1.497201 -0.479136 -0.718704
0.644892 1.492410 -0.717264 -1.075896
0.659744 1.485237 -0.953664 -1.430496
0.674501 1.475701 -1.187760 -1.781640
0.689140 1.463823 -1.418976 -2.128464
0.703636 1.449633 -1.646736 -2.470104
0.717968 1.433166 -1.870464 -2.805696
0.732112 1.414461 -2.089584 -3.134376
0.746048 1.393566 -2.303520 -3.455280
0.759753 1.370530 -2.511696 -3.767544
0.773207 1.345413 -2.713536 -4.070304
0.786390 1.318278 -2.908464 -4.362696
0.799282 1.289193 -3.095904 -4.643856
0.811864 1.258234 -3.275280 -4.912920
0.824119 1.225482 -3.446016 -5.169024
0.836030 1.191021 -3.607536 -5.411304
0.847579 1.154946 -3.759264 -5.638896
0.858753 1.117353 -3.900624 -5.850936
0.869536 1.078347 -4.031040 -6.046560
0.879916 1.038037 -4.149936 -6.224904
0.889882 0.996537 -4.256736 -6.385104
0.899421 0.953970 -4.350864 -6.526296
0.908526 0.910461 -4.431744 -6.647616
0.917188 0.866144 -4.498800 -6.748200
0.925399 0.821156 -4.551456 -6.827184
0.933155 0.775641 -4.589136 -6.883704
0.940453 0.729750 -4.611264 -6.916896
0.947289 0.683637 -4.617264 -6.925896
0.953664 0.637465 -4.606560 -6.909840
0.959578 0.591399 -4.578576 -6.867864
0.965034 0.545613 -4.532736 -6.799104
0.970037 0.500286 -4.468464 -6.702696
0.974593 0.455601 -4.385184 -6.577776
0.978711 0.411750 -4.282320 -6.423480
0.982400 0.368926 -4.159296 -6.238944
0.985673 0.327333 -4.015536 -6.023304
0.988545 0.287178 -3.850464 -5.775696
0.991032 0.248673 -3.663504 -5.495256
0.993152 0.212038 -3.454080 -5.181120
0.994927 0.177498 -3.221616 -4.832424
0.996380 0.145281 -2.965536 -4.448304
0.997536 0.115626 -2.685264 -4.027896
0.998424 0.088773 -2.380224 -3.570336
0.999073 0.064971 -2.049840 -3.074760
0.999518 0.044473 -1.693536 -2.540304
0.999794 0.027537 -1.310736 -1.966104
0.999938 0.014430 -0.900864 -1.351296
0.999992 0.005421 -0.463344 -0.695016
1.000000 0.000788 0.000000 0.000000
