L_SFE 1 16 20 0 0 30 0 0 0 0 255 0 18000 -28000 32767 -32767 -8425 -1 -1 -1 -1 -1 -1 -1 -1 -1 251 251 2 0 -33 0 0 683297581 3673 0 22 1805 -3 3672 3672 0 16 0 3673 -31699 21 0 244 255
 
L_SAA 2 15 30 0 0 20 0 0 0 0 255 0 25000 -8000 32767 -32767 4400 -1 -1 -1 -1 -1 -1 -1 -1 -1 251 251 4851 0 -6 0 0 682637526 -12851 0 -7 2391 569 -8000 -12831 0 135 0 -12851 -31858 21 0 244 255
 
L_HR 3 17 30 0 0 40 0 0 0 0 255 0 20000 -9000 32767 -32767 1650 -1 -1 -1 -1 -1 -1 -1 -1 -1 251 251 0 0 20 0 0 681761453 266 0 -19 2401 2 263 263 0 0 0 266 -31922 21 0 244 255
 
L_EB 4 18 20 0 0 50 0 0 0 0 255 0 12000 -22000 32767 -32767 2875 -1 -1 -1 -1 -1 -1 -1 -1 -1 249 251 915 0 -8 0 0 681809457 -14768 0 10 2264 69 -13855 -13855 0 -743 0 -14768 -31571 21 0 244 255
 
L_WR 5 19 10 0 0 20 0 0 0 0 255 0 5000 -21000 32767 -32767 -2000 -1 -1 -1 -1 -1 -1 -1 -1 -1 251 251 0 0 -4 0 0 683369587 -783 0 1 1285 -1 -783 -783 0 0 0 -783 -31495 21 0 244 255
 
L_WFE 6 20 15 0 0 5 0 0 0 0 255 0 25000 3000 32767 -32767 11750 -1 -1 -1 -1 -1 -1 -1 -1 -1 255 251 1 0 -5147 0 0 683225575 8281 2 5109 1971 100 8280 8280 0 40 0 8281 -31921 21 0 244 255
 
L_WAA 7 21 10 0 0 5 0 0 0 0 255 0 1500 -18000 32767 -32767 -10000 -1 -1 -1 -1 -1 -1 -1 -1 -1 255 251 -5903 0 -669 0 0 682361503 7401 -1 669 2016 244 1500 7401 0 21 0 7401 -31684 21 0 244 255
 
R_SFE 8 9 20 0 0 10 0 0 0 0 255 0 16000 -20000 32767 -32767 13000 -1 -1 -1 -1 -1 -1 -1 -1 -1 253 251 2 0 -19 0 0 682889547 -2186 0 43 1238 2 -2186 -2186 0 7 0 -2186 -31885 21 0 244 255
 
R_SAA 9 8 30 0 0 20 0 0 0 0 255 0 10000 -20000 32767 -32767 16000 -1 -1 -1 -1 -1 -1 -1 -1 -1 253 251 -10782 0 30 0 0 683105565 20784 0 -20 2304 1263 10000 20783 0 -7 0 20784 -31786 21 0 244 255
 
R_HR 10 10 30 0 0 40 0 0 0 0 255 0 4500 -22000 32767 -32767 -1950 -1 -1 -1 -1 -1 -1 -1 -1 -1 255 251 2 0 30 0 0 681605440 -11212 0 -29 1860 -4 -11212 -11212 0 0 0 -11212 -31910 21 0 244 255
 
R_EB 11 11 20 0 0 40 0 0 0 0 255 0 20000 -17000 32767 -32767 1550 -1 -1 -1 -1 -1 -1 -1 -1 -1 251 251 -1096 0 -17 0 0 682073479 13276 0 7 1025 -87 12178 12178 0 914 0 13276 -31855 85 85 245 255
 
R_WR 12 12 20 0 0 30 0 0 0 0 255 0 20000 500 32767 -32767 8500 -1 -1 -1 -1 -1 -1 -1 -1 -1 251 251 1 0 213 0 0 682733534 6450 -1 -214 1568 25 6456 6456 0 0 0 6450 -31863 21 0 244 255
 
R_WFE 13 13 10 0 0 10 0 0 0 0 255 0 30000 6000 32767 -32767 0 -1 -1 -1 -1 -1 -1 -1 -1 -1 251 251 1 0 -6951 0 0 682217491 14652 0 6937 2258 -271 14654 14654 0 32 0 14652 -31585 21 0 244 255
 
R_WAA 14 14 15 0 0 10 0 0 0 0 255 0 16000 -5000 32767 -32767 0 -1 -1 -1 -1 -1 -1 -1 -1 -1 251 251 -3 0 1148 0 0 682145485 5267 5 -1150 2604 44 5261 5261 0 -112 0 5267 -31886 21 0 244 255
 
L_HFE 15 23 50 0 0 20 0 0 -54 0 255 0 18000 -20000 32767 -32767 25550 -1 -1 -1 -1 -1 -1 -1 -1 -1 255 251 -1 0 -45 0 0 681977471 -19482 0 8 1272 2 -19485 -19485 0 30 0 -19482 -31144 85 85 245 255
 
L_HAA 16 22 40 0 0 20 0 0 -9 0 255 0 8500 -4000 32767 -32767 100 -1 -1 -1 -1 -1 -1 -1 -1 -1 251 251 0 0 -22 0 0 681461428 -2926 1 2 2826 -1 -2927 -2927 0 -2 0 -2926 -30393 21 0 244 255
 
L_HFR 17 24 20 0 0 20 0 0 0 0 255 0 18000 1500 32767 -32767 -3800 -1 -1 -1 -1 -1 -1 -1 -1 -1 249 251 1 0 181 0 0 682793539 1754 0 -36 2695 2 1754 1754 0 -2 0 1754 -31394 21 0 244 255
 
L_KFE 18 25 40 0 0 20 0 0 -3009 0 255 0 12000 -25000 32767 -32767 5750 -1 -1 -1 -1 16777215 -256 -1 -1 -1 253 251 -414 0 -226 0 0 681161403 12405 0 45 2901 67 12000 12287 0 298 0 12405 -31142 21 0 244 255
 
L_AR 19 26 40 0 0 20 0 0 -36 0 255 0 6000 -1000 32767 -32767 8900 -1 -1 -1 -1 -1 -1 -1 -1 -1 253 251 -3386 0 -107 0 0 682061478 9386 0 38 1067 533 6000 9384 0 0 0 9386 -31519 5 0 240 255
 
L_AFE 20 28 60 0 0 300 0 0 -4230 0 255 0 13000 -6500 32767 -32767 150 -1 -1 -1 -1 -1 -1 -1 -1 -1 255 251 -80 0 -34 0 0 681773454 4329 -2 20 2101 57 4188 4188 0 113 0 4329 -31460 21 0 240 255
 
L_AAA 21 27 60 0 0 300 0 0 -30 0 255 0 9000 500 32767 -32767 -850 -1 -1 -1 -1 -1 -1 -1 -1 -1 253 251 -3 0 112 0 0 682937551 3509 0 -3 2577 -3 3508 3508 0 -1 0 3509 -31869 21 0 244 255
 
R_HFE 22 30 20 0 0 20 0 0 -36 0 255 0 13500 -30000 32767 -32767 200 -1 -1 -1 -1 -1 -1 -1 -1 -1 249 251 2 0 48 0 0 682733534 3572 0 -41 2221 3 3570 3570 0 -35 0 3572 -31677 21 0 240 255
 
R_HAA 23 29 60 0 0 50 0 0 -18 0 255 0 -2000 -16000 32767 -32767 -100 -1 -1 -1 -1 -1 -1 -1 -1 -1 251 251 -1 0 20 0 0 682181488 -6268 0 2 2784 -1 -6270 -6270 0 1 0 -6268 -31880 17 0 240 255
 
R_HFR 24 31 10 0 0 20 0 0 -24 0 255 0 -8000 -23500 32767 -32767 -1000 -1 -1 -1 -1 -1 -1 -1 -1 -1 255 251 -2 0 182 0 0 682001473 -15596 0 35 1905 3 -15598 -15598 0 0 0 -15596 -31474 21 0 240 255
 
R_KFE 25 32 40 0 0 20 0 0 127 0 255 0 21222 -15000 32767 -32767 2600 -1 -1 -1 -1 -1 -1 -1 -1 -1 251 251 276 0 -64 0 0 682649527 -15280 -4 -4 1540 44 -15000 -15275 0 -11 0 -15280 -31056 21 0 240 255
 
R_AR 26 33 40 0 0 50 0 0 -36 0 255 0 8974 -330 32767 -32767 -1400 -1 -1 -1 -1 -1 -1 -1 -1 -1 249 251 0 0 -168 0 0 681773454 7461 0 19 2351 -5 7459 7459 0 -1 0 7461 -31182 21 0 240 255
 
R_AFE 27 35 60 0 0 200 0 0 2100 0 255 0 6000 -17500 32767 -32767 2500 -1 -1 -1 -1 -1 -1 -1 -1 -1 249 251 69 0 -145 0 0 682217491 -1095 0 71 1916 -40 -1025 -1025 0 163 0 -1095 -31006 21 0 240 255
 
R_AAA 28 34 100 0 0 300 0 0 930 0 255 0 -2500 -10000 32767 -32767 -15000 -1 -1 -1 -1 -1 -1 -1 -1 -1 251 251 -1598 0 2203 0 0 682445510 -908 -1 -38 1880 -578 -2500 -877 0 -22 0 -908 -31859 21 0 240 255
 
B_TR 29 38 40 0 0 60 0 0 0 0 255 0 8000 -7000 32767 -32767 2000 -1 -1 -1 -1 -1 -1 -1 -1 -1 255 251 1 0 1976 0 0 681665445 41 0 -3419 1375 -801 41 41 0 9 0 41 -30576 21 0 244 255
 
B_TAA 30 37 60 0 0 50 0 0 0 0 255 0 3000 -1000 32767 -32767 0 -1 -1 -1 -1 -1 -1 -1 -1 -1 249 251 2 0 830 0 0 681893464 1359 0 -831 125 162 1359 1359 0 0 0 1359 -31579 21 0 240 255
 
B_TFE 31 36 40 0 0 25 0 0 0 0 255 0 -8000 -18000 32767 -32767 0 -1 -1 -1 -1 -1 -1 -1 -1 -1 249 251 -920 0 2726 0 0 681701448 -7075 0 -2735 1528 122 -8000 -7075 0 -11 0 -7075 -28898 17 0 244 255
 
B_HN 32 7 10 0 0 5 0 0 0 0 255 0 28500 -1500 32767 -32767 0 -1 -1 -1 -1 -1 -1 -1 -1 -1 251 251 -721 0 6120 0 0 684029642 29221 0 -6135 1183 91 28500 29226 0 0 0 29221 -31727 21 0 244 255
 
B_HT 33 6 10 0 0 5 0 0 0 0 255 0 8500 -25000 32767 -32767 0 -1 -1 -1 -1 -1 -1 -1 -1 -1 251 251 -20742 0 4603 0 0 683393589 29241 0 -4616 1936 -721 8500 29246 0 0 0 29241 -31701 21 0 244 255
 
B_HR 34 5 15 0 0 10 0 0 0 0 255 0 18000 -6000 32767 -32767 0 -1 -1 -1 -1 -1 -1 -1 -1 -1 253 251 5 0 -6320 0 0 682421508 -3982 0 6320 1768 247 -3982 -3982 0 0 0 -3982 -31917 21 0 244 255
 
R_EP 35 1 800 0 0 0 0 0 0 0 255 0 11000 -12000 10000 -10000 0 -1 -1 -1 -1 -1 -1 -1 -1 -1 240 251 -83 0 32730 0 0 684871271 814 1 -32728 2375 -54 797 797 0 0 0 814 54 21 0 244 255
 
R_ET 36 2 800 0 0 0 0 0 0 0 255 0 11000 -12500 10000 -10000 0 -1 -1 -1 -1 -1 -1 -1 -1 -1 244 251 197 0 -32767 0 0 684797706 -819 -1 -32727 1653 -325 -715 -715 0 0 0 -819 476 21 0 244 255
 
L_EP 37 3 800 0 0 0 0 0 0 0 255 0 17000 -6000 10000 -10000 0 -1 -1 -1 -1 -1 -1 -1 -1 -1 240 251 -39 0 32728 0 0 685409758 195 0 -32727 3106 -25 187 187 0 0 0 195 239 21 0 244 255
 
L_ET 38 4 800 0 0 0 0 0 0 0 255 0 4000 -19000 10000 -10000 0 -1 -1 -1 -1 -1 -1 -1 -1 -1 244 251 24 0 -32767 0 0 683285580 -309 0 32767 1741 -12 -305 -305 0 0 0 -309 1 21 0 244 255
 
