L_SFE 1 16 20 0 0 30 0 0 0 0 255 0 18000 -28000 32767 -32767 -8500 -1 -1 -1 -1 -1 -1 -1 -1 -1 251 251 -1 0 1710 0 0 1413050155 5915 1 73 1773 -122 4470 4470 0 7607 0 5915 -31718 21 0 244 255

L_SAA 2 15 30 0 0 20 0 0 0 0 255 0 25000 -8000 32767 -32767 4250 -1 -1 -1 -1 -1 -1 -1 -1 -1 251 251 4898 0 -266 0 0 1412498109 -12899 -3 85 2395 567 -8000 -12831 0 419 0 -12899 -31879 21 0 244 255

L_HR 3 17 30 0 0 40 0 0 0 0 255 0 20000 -9000 32767 -32767 1500 -1 -1 -1 -1 -1 -1 -1 -1 -1 251 251 -8340 0 -519 0 0 1411922061 4717 0 -54 1831 -969 -3623 -3623 0 0 0 4717 -31945 21 0 244 255

L_EB 4 18 20 0 0 50 0 0 0 0 255 0 12000 -22000 32767 -32767 2500 -1 -1 -1 -1 -1 -1 -1 -1 -1 249 251 382 0 987 0 0 1412054072 -14239 0 -268 2295 82 -13855 -13855 0 -315 0 -14239 -31615 21 0 244 255

L_WR 5 19 10 0 0 20 0 0 0 0 255 0 5000 -21000 32767 -32767 -2000 -1 -1 -1 -1 -1 -1 -1 -1 -1 251 251 11801 0 -714 0 0 1413326178 -6804 0 -8 1581 461 5000 6330 0 -58 0 -6804 -31600 21 0 244 255

L_WFE 6 20 15 0 0 5 0 0 0 0 255 0 25000 3000 32767 -32767 18000 -1 -1 -1 -1 -1 -1 -1 -1 -1 255 251 5304 0 -6218 0 0 1413074157 14644 0 -100 1752 -312 19949 19949 0 6751 0 14644 -31934 21 0 244 255

L_WAA 7 21 10 0 0 5 0 0 0 0 255 0 1500 -18000 32767 -32767 -9000 -1 -1 -1 -1 -1 -1 -1 -1 -1 255 251 -14143 0 698 0 0 1412318094 13789 0 17 2264 553 -353 -353 0 -31531 0 13789 -31735 21 0 244 255

R_SFE 8 9 20 0 0 10 0 0 0 0 255 0 16000 -20000 32767 -32767 10000 -1 -1 -1 -1 -1 -1 -1 -1 -1 253 251 -1170 0 1011 0 0 1411970065 -2514 0 -1730 1108 24 -3681 -3681 0 -5999 0 -2514 -31741 21 0 244 255

R_SAA 9 8 30 0 0 20 0 0 0 0 255 0 10000 -20000 32767 -32767 0 -1 -1 -1 -1 -1 -1 -1 -1 -1 253 251 -10794 0 11574 0 0 1412270090 20793 0 -11560 1615 362 10000 20793 0 0 0 20793 -31594 21 0 244 255

R_HR 10 10 30 0 0 40 0 0 0 0 255 0 4500 -22000 32767 -32767 0 -1 -1 -1 -1 -1 -1 -1 -1 -1 255 251 4 0 2801 0 0 1411502026 -5155 0 -2799 1527 -347 -5920 -5920 0 -2 0 -5155 -31760 21 0 244 255

R_EB 11 11 20 0 0 40 0 0 0 0 255 0 20000 -17000 32767 -32767 0 -1 -1 -1 -1 -1 -1 -1 -1 -1 251 251 -5298 0 -1086 0 0 1411862056 14346 0 1099 561 -732 7178 7178 0 5991 0 14346 -31795 85 85 245 255

R_WR 12 12 20 0 0 30 0 0 0 0 255 0 20000 500 32767 -32767 0 -1 -1 -1 -1 -1 -1 -1 -1 -1 251 251 -3 0 -11977 0 0 1412174082 -1599 1 11979 823 -1076 2601 2601 0 13 0 -1599 -31820 21 0 244 255

R_WFE 13 13 10 0 0 10 0 0 0 0 255 0 30000 6000 32767 -32767 0 -1 -1 -1 -1 -1 -1 -1 -1 -1 251 251 -2 0 -6404 0 0 1411706043 14173 0 6756 2109 -365 11603 11603 0 6393 0 14173 -31449 21 0 244 255

R_WAA 14 14 15 0 0 10 0 0 0 0 255 0 16000 -5000 32767 -32767 0 -1 -1 -1 -1 -1 -1 -1 -1 -1 251 251 3579 0 2381 0 0 1411994067 3061 2 -1647 2331 -255 -2373 -2373 0 -9565 0 3061 -31856 21 0 244 255

L_HFE 15 23 50 0 0 20 0 0 -2934 0 255 0 18000 -20000 32767 -32767 0 -1 -1 -1 -1 -1 -1 -1 -1 -1 255 251 -1 0 -18592 0 0 1412042071 -19004 -4 18544 2120 1481 -19167 -19167 0 -394 0 -19004 -29739 85 85 245 255

L_HAA 16 22 40 0 0 20 0 0 4608 0 255 0 8500 -4000 32767 -32767 0 -1 -1 -1 -1 -1 -1 -1 -1 -1 251 251 1 0 -68 0 0 1411610035 -3923 -1 17 2788 78 -3411 -3411 0 575 0 -3923 -27487 21 0 244 255

L_HFR 17 24 20 0 0 20 0 0 3000 0 255 0 18000 1500 32767 -32767 0 -1 -1 -1 -1 -1 -1 -1 -1 -1 249 251 1 0 -2711 0 0 1412570115 4336 0 2694 2592 -112 5607 5607 0 -657 0 4336 -31152 21 0 244 255

L_KFE 18 25 40 0 0 20 0 0 5788 0 255 0 12000 -25000 32767 -32767 0 -1 -1 -1 -1 16777215 -256 -1 -1 -1 253 251 -873 0 3971 0 0 1411370015 12060 0 -4140 2632 -314 12000 12287 0 591 0 12060 -30492 21 0 244 255

L_AR 19 26 40 0 0 20 0 0 -3000 0 255 0 6000 -1000 32767 -32767 0 -1 -1 -1 -1 -1 -1 -1 -1 -1 253 251 -2174 0 6391 0 0 1411946063 8497 0 -6390 660 -109 6000 8175 0 -210 0 8497 -31452 5 0 240 255

L_AFE 20 28 60 0 0 300 0 0 15000 0 255 0 13000 -6500 32767 -32767 0 -1 -1 -1 -1 -1 -1 -1 -1 -1 255 251 1 0 -108 0 0 1411790050 5533 0 90 1601 -718 9047 9047 0 -2299 0 5533 -31347 21 0 240 255

L_AAA 21 27 60 0 0 300 0 0 -15000 0 255 0 9000 500 32767 -32767 0 -1 -1 -1 -1 -1 -1 -1 -1 -1 253 251 2 0 -563 0 0 1412606118 3726 -1 569 3144 949 2525 2525 0 -845 0 3726 -31871 21 0 244 255

R_HFE 22 30 20 0 0 20 0 0 864 0 255 0 13500 -30000 32767 -32767 0 -1 -1 -1 -1 -1 -1 -1 -1 -1 249 251 5 0 132 0 0 1412594117 3551 -1 -129 2210 13 3599 3599 0 -104 0 3551 -31677 21 0 240 255

R_HAA 23 29 60 0 0 50 0 0 -2232 0 255 0 -2000 -16000 32767 -32767 0 -1 -1 -1 -1 -1 -1 -1 -1 -1 251 251 1 0 75 0 0 1412126078 -6296 0 -72 2756 -45 -6544 -6544 0 263 0 -6296 -31881 17 0 240 255

R_HFR 24 31 10 0 0 20 0 0 -2052 0 255 0 -8000 -23500 32767 -32767 0 -1 -1 -1 -1 -1 -1 -1 -1 -1 255 251 1 0 663 0 0 1412078074 -12438 0 -627 1902 -42 -12609 -12609 0 -79 0 -12438 -31484 21 0 240 255

R_KFE 25 32 40 0 0 20 0 0 -6630 0 255 0 21222 -15000 32767 -32767 0 -1 -1 -1 -1 -1 -1 -1 -1 -1 251 251 803 0 -1888 0 0 1412570115 -15519 0 1943 1487 -71 -15000 -15779 0 719 0 -15519 -31020 21 0 240 255

R_AR 26 33 40 0 0 50 0 0 3000 0 255 0 8974 -330 32767 -32767 0 -1 -1 -1 -1 -1 -1 -1 -1 -1 249 251 1 0 -916 0 0 1411958064 6682 -3 967 2502 165 8953 8953 0 -939 0 6682 -31399 21 0 240 255

R_AFE 27 35 60 0 0 200 0 0 -15000 0 255 0 6000 -17500 32767 -32767 0 -1 -1 -1 -1 -1 -1 -1 -1 -1 249 251 -1 0 1744 0 0 1412270090 -4039 0 -1736 2515 890 -6028 -6028 0 -1302 0 -4039 -31210 21 0 240 255

R_AAA 28 34 60 0 0 300 0 0 6210 0 255 0 -2500 -10000 32767 -32767 -11159 -1 -1 -1 -1 -1 -1 -1 -1 -1 251 251 -664 0 2434 0 0 1412450105 -2036 2 -2438 3960 2748 -2500 -1829 0 -139 0 -2036 -31893 21 0 240 255

B_TR 29 38 40 0 0 60 0 0 0 0 255 0 8000 -7000 32767 -32767 0 -1 -1 -1 -1 -1 -1 -1 -1 -1 255 251 2 0 1953 0 0 1411814052 -503 2 -1951 1610 -374 -1035 -1035 0 -636 0 -503 -29516 21 0 244 255

B_TAA 30 37 60 0 0 50 0 0 0 0 255 0 3000 -1000 32767 -32767 0 -1 -1 -1 -1 -1 -1 -1 -1 -1 249 251 0 0 815 0 0 1411958064 1171 0 -814 111 155 1158 1158 0 28 0 1171 -31567 21 0 240 255

B_TFE 31 36 40 0 0 25 0 0 0 0 255 0 -8000 -18000 32767 -32767 0 -1 -1 -1 -1 -1 -1 -1 -1 -1 249 251 0 0 2435 0 0 1411850055 -8441 -1 -2502 1564 247 -8419 -8419 0 -25 0 -8441 -26583 17 0 244 255

B_HN 32 7 10 0 0 5 0 0 0 0 255 0 28500 -1500 32767 -32767 0 -1 -1 -1 -1 -1 -1 -1 -1 -1 251 251 7603 0 5531 0 0 1411922061 -9103 0 -5547 1236 405 -1500 -9101 0 0 0 -9103 -31633 21 0 244 255

B_HT 33 6 10 0 0 5 0 0 0 0 255 0 8500 -25000 32767 -32767 0 -1 -1 -1 -1 -1 -1 -1 -1 -1 251 251 -1077 0 3999 0 0 1411898059 9577 0 -4011 2282 36 8500 9584 0 0 0 9577 -31585 21 0 244 255

B_HR 34 5 15 0 0 10 0 0 0 0 255 0 18000 -6000 32767 -32767 0 -1 -1 -1 -1 -1 -1 -1 -1 -1 253 251 2800 0 -6113 0 0 1411658039 -8800 -1 6131 1571 76 -6000 -8800 0 0 0 -8800 -31883 21 0 244 255

R_EP 35 1 800 0 0 0 0 0 0 0 255 0 11000 -12000 10000 -10000 0 -1 -1 -1 -1 -1 -1 -1 -1 -1 240 251 -2 0 32729 0 0 1413135721 66 0 -32731 2276 6 68 68 0 0 0 66 -254 21 0 244 255

R_ET 36 2 800 0 0 0 0 0 0 0 255 0 11000 -12500 10000 -10000 0 -1 -1 -1 -1 -1 -1 -1 -1 -1 244 251 76 0 -32767 0 0 1412822136 -402 0 32767 1573 -112 -366 -366 0 0 0 -402 343 21 0 244 255

L_EP 37 3 800 0 0 0 0 0 0 0 255 0 17000 -6000 10000 -10000 0 -1 -1 -1 -1 -1 -1 -1 -1 -1 240 251 -35 0 32730 0 0 1413290176 225 -3 -32728 3087 -19 219 219 0 0 0 225 -6 21 0 244 255

L_ET 38 4 800 0 0 0 0 0 0 0 255 0 4000 -19000 10000 -10000 0 -1 -1 -1 -1 -1 -1 -1 -1 -1 244 251 1 0 -32767 0 0 1412198084 -364 0 32767 1644 0 -364 -364 0 0 0 -364 -116 21 0 244 255

