L_SFE 1 16 20 0 0 30 0 0 0 0 255 0 18000 -28000 32767 -32767 0 -1 -1 -1 -1 -1 -1 -1 -1 -1 251 251 -6068 0 5962 0 255 1001487865 6068 3 -5962 1767 224 0 0 0 0 0 6068 -20588 21 0 244 255

L_SAA 2 15 30 0 0 20 0 0 0 0 255 0 25000 -8000 32767 -32767 0 -1 -1 -1 -1 -1 -1 -1 -1 -1 251 251 12883 0 -3184 0 255 1001475864 -12883 0 3184 2696 1260 0 0 0 0 0 -12883 -20963 21 0 244 255

L_HR 3 17 30 0 0 40 0 0 0 0 255 0 20000 -9000 32767 -32767 0 -1 -1 -1 -1 -1 -1 -1 -1 -1 251 251 11671 0 -2297 0 255 1001403858 -11671 0 2297 2894 1008 0 0 0 0 0 -11671 -20989 21 0 244 255

L_EB 4 18 20 0 0 50 0 0 0 0 255 0 12000 -22000 32767 -32767 0 -1 -1 -1 -1 -1 -1 -1 -1 -1 249 251 13850 0 1996 0 255 1001415859 -13850 -2 -1996 2982 1471 0 0 0 0 0 -13850 -17911 21 0 244 255

L_WR 5 19 10 0 0 20 0 0 0 0 255 0 5000 -21000 32767 -32767 0 -1 -1 -1 -1 -1 -1 -1 -1 -1 251 251 -12265 0 2870 0 255 1001463863 12265 0 -2870 987 -255 0 0 0 0 0 12265 -19362 21 0 244 255

L_WFE 6 20 15 0 0 5 0 0 0 0 255 0 25000 3000 32767 -32767 0 -1 -1 -1 -1 -1 -1 -1 -1 -1 255 251 -4390 0 -13849 0 255 1001463863 7390 -1 13849 2110 528 3000 0 0 0 0 7390 -27239 21 0 244 255

L_WAA 7 21 10 0 0 5 0 0 0 0 255 0 1500 -18000 32767 -32767 0 -1 -1 -1 -1 -1 -1 -1 -1 -1 255 251 -7889 0 6714 0 255 1001415859 7889 0 -6714 1887 178 0 0 0 0 0 7889 -17861 21 0 244 255

R_SFE 8 9 20 0 0 10 0 0 0 0 255 0 16000 -20000 32767 -32767 0 -1 -1 -1 -1 -1 -1 -1 -1 -1 253 251 3425 0 9055 0 255 1001427860 -3425 0 -9055 635 -621 0 0 0 0 0 -3425 -19479 21 0 244 255

R_SAA 9 8 30 0 0 20 0 0 0 0 255 0 10000 -20000 32767 -32767 0 -1 -1 -1 -1 -1 -1 -1 -1 -1 253 251 -20806 0 11533 0 255 1001463863 20806 0 -11533 2232 1538 0 0 0 0 0 20806 -19154 21 0 244 255

R_HR 10 10 30 0 0 40 0 0 0 0 255 0 4500 -22000 32767 -32767 0 -1 -1 -1 -1 -1 -1 -1 -1 -1 255 251 -1335 0 2758 0 255 1001355854 1335 0 -2758 1477 -274 0 0 0 0 0 1335 -17829 21 0 244 255

R_EB 11 11 20 0 0 40 0 0 0 0 255 0 20000 -17000 32767 -32767 0 -1 -1 -1 -1 -1 -1 -1 -1 -1 251 251 -14489 0 -1153 0 255 1001571872 14489 1 1153 90 -1313 0 0 0 0 0 14489 -21530 85 85 245 255

R_WR 12 12 20 0 0 30 0 0 0 0 255 0 20000 500 32767 -32767 0 -1 -1 -1 -1 -1 -1 -1 -1 -1 251 251 7140 0 -11981 0 255 1001475864 -6640 0 11981 852 -847 500 0 0 0 0 -6640 -24023 21 0 244 255

R_WFE 13 13 10 0 0 10 0 0 0 0 255 0 30000 6000 32767 -32767 0 -1 -1 -1 -1 -1 -1 -1 -1 -1 251 251 4857 0 -5520 0 255 1001415859 1143 2 5520 2152 -26 6000 0 0 0 0 1143 -18270 21 0 244 255

R_WAA 14 14 15 0 0 10 0 0 0 0 255 0 16000 -5000 32767 -32767 0 -1 -1 -1 -1 -1 -1 -1 -1 -1 251 251 -9095 0 1471 0 255 1001523868 9095 1 -1471 2004 -476 0 0 0 0 0 9095 -20695 21 0 244 255

L_HFE 15 23 50 0 0 20 0 0 0 0 255 0 18000 -20000 32767 -32767 0 -1 -1 -1 -1 -1 -1 -1 -1 -1 255 251 19511 0 -18419 0 255 1001475864 -19511 0 18419 -306 -2371 0 0 0 0 0 -19511 -16275 85 85 245 255

L_HAA 16 22 40 0 0 20 0 0 0 0 255 0 8500 -4000 32767 -32767 0 -1 -1 -1 -1 -1 -1 -1 -1 -1 251 251 3403 0 -81 0 255 1001367855 -3403 0 81 3050 525 0 0 0 0 0 -3403 -14704 21 0 244 255

L_HFR 17 24 20 0 0 20 0 0 0 0 255 0 18000 1500 32767 -32767 0 -1 -1 -1 -1 -1 -1 -1 -1 -1 249 251 -5044 0 -2709 0 255 1001511867 6544 0 2709 2260 -606 1500 0 0 0 0 6544 -16456 21 0 244 255

L_KFE 18 25 40 0 0 20 0 0 0 0 255 0 12000 -25000 32767 -32767 0 -1 -1 -1 -1 16777215 -256 -1 -1 -1 253 251 -12542 0 4052 0 255 1001295849 12542 0 -4052 3744 1644 0 0 0 0 0 12542 -13852 21 0 244 255

L_AR 19 26 40 0 0 20 0 0 0 0 255 0 6000 -1000 32767 -32767 0 -1 -1 -1 -1 -1 -1 -1 -1 -1 253 251 -6321 0 6441 0 255 1001343853 6321 0 -6441 980 485 0 0 0 0 0 6321 -19006 5 0 240 255

L_AFE 20 28 60 0 0 300 0 0 0 0 255 0 13000 -6500 32767 -32767 0 -1 -1 -1 -1 -1 -1 -1 -1 -1 255 251 -8214 0 -136 0 255 1001379856 8214 0 136 3278 2085 0 0 0 0 0 8214 -17410 21 0 240 255

L_AAA 21 27 60 0 0 300 0 0 0 0 255 0 9000 500 32767 -32767 0 -1 -1 -1 -1 -1 -1 -1 -1 -1 253 251 -2004 0 -512 0 255 1001487865 2504 2 512 3131 1070 500 0 0 0 0 2504 -24444 21 0 244 255

R_HFE 22 30 20 0 0 20 0 0 0 0 255 0 13500 -30000 32767 -32767 0 -1 -1 -1 -1 -1 -1 -1 -1 -1 249 251 -3281 0 217 0 255 1001535869 3281 0 -217 1936 -240 0 0 0 0 0 3281 -19107 21 0 240 255

R_HAA 23 29 60 0 0 50 0 0 0 0 255 0 -2000 -16000 32767 -32767 0 -1 -1 -1 -1 -1 -1 -1 -1 -1 251 251 3333 0 9 0 255 1001451862 -5333 0 -9 3092 782 -2000 0 0 0 0 -5333 -22424 17 0 240 255

R_HFR 24 31 10 0 0 20 0 0 0 0 255 0 -8000 -23500 32767 -32767 0 -1 -1 -1 -1 -1 -1 -1 -1 -1 255 251 7621 0 633 0 255 1001487865 -15621 1 -633 1551 -347 -8000 0 0 0 0 -15621 -14913 21 0 240 255

R_KFE 25 32 40 0 0 20 0 0 0 0 255 0 21222 -15000 32767 -32767 0 -1 -1 -1 -1 -1 -1 -1 -1 -1 251 251 15147 0 -1929 0 255 1001559871 -15147 0 1929 2806 2216 0 0 0 0 0 -15147 -13309 21 0 240 255

R_AR 26 33 40 0 0 50 0 0 0 0 255 0 8974 -330 32767 -32767 0 -1 -1 -1 -1 -1 -1 -1 -1 -1 249 251 -2524 0 -844 0 255 1001415859 2524 -3 844 1913 -560 0 0 0 0 0 2524 -10388 21 0 240 255

R_AFE 27 35 60 0 0 200 0 0 0 0 255 0 6000 -17500 32767 -32767 0 -1 -1 -1 -1 -1 -1 -1 -1 -1 249 251 1544 0 1747 0 255 1001535869 -1544 -4 -1747 2944 1726 0 0 0 0 0 -1544 -13941 21 0 240 255

R_AAA 28 34 60 0 0 300 0 0 0 0 255 0 -2500 -10000 32767 -32767 -11159 -1 -1 -1 -1 -1 -1 -1 -1 -1 251 251 -5695 0 2413 0 255 1001523868 3195 0 -2413 3121 1492 -2500 0 0 0 0 3195 -23037 21 0 240 255

B_TR 29 38 40 0 0 60 0 0 0 0 255 0 8000 -7000 32767 -32767 0 -1 -1 -1 -1 -1 -1 -1 -1 -1 255 251 195 0 1941 0 255 1001439861 -195 0 -1941 1489 -485 0 0 0 0 0 -195 -15840 21 0 244 255

B_TAA 30 37 60 0 0 50 0 0 0 0 255 0 3000 -1000 32767 -32767 0 -1 -1 -1 -1 -1 -1 -1 -1 -1 249 251 -1161 0 843 0 255 1001487865 1161 -1 -843 -111 -108 0 0 0 0 0 1161 -17142 21 0 240 255

B_TFE 31 36 40 0 0 25 0 0 0 0 255 0 -8000 -18000 32767 -32767 0 -1 -1 -1 -1 -1 -1 -1 -1 -1 249 251 467 0 2509 0 255 1001427860 -8467 0 -2509 1519 317 -8000 0 0 0 0 -8467 -14536 17 0 244 255

B_HN 32 7 10 0 0 5 0 0 0 0 255 0 28500 -1500 32767 -32767 0 -1 -1 -1 -1 -1 -1 -1 -1 -1 251 251 9576 0 5632 0 255 1001343853 -9576 0 -5632 1132 484 0 0 0 0 0 -9576 -18434 21 0 244 255

B_HT 33 6 10 0 0 5 0 0 0 0 255 0 8500 -25000 32767 -32767 0 -1 -1 -1 -1 -1 -1 -1 -1 -1 251 251 -8981 0 4100 0 255 1001379856 8981 0 -4100 1893 -271 0 0 0 0 0 8981 -18378 21 0 244 255

B_HR 34 5 15 0 0 10 0 0 0 0 255 0 18000 -6000 32767 -32767 0 -1 -1 -1 -1 -1 -1 -1 -1 -1 253 251 8799 0 -6031 0 255 1001403858 -8799 0 6031 1251 -279 0 0 0 0 0 -8799 -19154 21 0 244 255

R_EP 35 1 800 0 0 0 0 0 0 0 255 0 11000 -12000 10000 -10000 0 -1 -1 -1 -1 -1 -1 -1 -1 -1 240 251 -55 0 32732 0 255 1001477423 55 0 -32732 2168 -172 0 0 0 0 0 55 84 21 0 244 255

R_ET 36 2 800 0 0 0 0 0 0 0 255 0 11000 -12500 10000 -10000 0 -1 -1 -1 -1 -1 -1 -1 -1 -1 244 251 272 0 -32767 0 255 1001379856 -272 0 32767 1407 -850 0 0 0 0 0 -272 780 21 0 244 255

L_EP 37 3 800 0 0 0 0 0 0 0 255 0 17000 -6000 10000 -10000 0 -1 -1 -1 -1 -1 -1 -1 -1 -1 240 251 -195 0 -32767 0 255 1001487865 195 0 32767 3110 -610 0 0 0 0 0 195 555 21 0 244 255

L_ET 38 4 800 0 0 0 0 0 0 0 255 0 4000 -19000 10000 -10000 0 -1 -1 -1 -1 -1 -1 -1 -1 -1 244 251 372 0 -32767 0 255 1001367855 -372 0 32767 1268 -1162 0 0 0 0 0 -372 1176 21 0 244 255

