1010 101 10 100
L_KFE_des_th L_KFE_des_thd L_KFE_des_thdd L_KFE_uff L_KFE_vff L_HFE_des_th L_HFE_des_thd L_HFE_des_thdd L_HFE_uff L_HFE_vff
1.700000 -0.001379 0.000000 21.896569 81.139892 1.000000 0.000000 0.000000 50.000000 0.000000
1.699986 -0.001379 -0.810852 21.085457 85.506051 1.000000 0.000000 0.000000 50.000000 0.000000
1.699891 -0.009488 -1.576512 20.318006 90.046867 1.000000 0.000000 0.000000 50.000000 0.000000
1.699639 -0.025253 -2.293788 19.595964 94.351373 1.000000 0.000000 0.000000 50.000000 0.000000
1.699157 -0.048191 -2.963688 18.916966 98.428314 1.000000 0.000000 0.000000 50.000000 0.000000
1.698379 -0.077827 -3.587220 18.278738 102.286119 1.000000 0.000000 0.000000 50.000000 0.000000
1.697242 -0.113700 -4.165392 17.679088 105.932890 1.000000 0.000000 0.000000 50.000000 0.000000
1.695688 -0.155354 -4.699212 17.115906 109.376386 1.000000 0.000000 0.000000 50.000000 0.000000
1.693665 -0.202346 -5.189688 16.587158 112.624024 1.000000 0.000000 0.000000 50.000000 0.000000
1.691122 -0.254243 -5.637828 16.090887 115.682882 1.000000 0.000000 0.000000 50.000000 0.000000
1.688016 -0.310621 -6.044640 15.625205 118.559702 1.000000 0.000000 0.000000 50.000000 0.000000
1.684305 -0.371067 -6.411132 15.188291 121.260907 1.000000 0.000000 0.000000 50.000000 0.000000
1.679954 -0.435179 -6.738312 14.778389 123.792610 1.000000 0.000000 0.000000 50.000000 0.000000
1.674928 -0.502562 -7.027188 14.393804 126.160637 1.000000 0.000000 0.000000 50.000000 0.000000
1.669200 -0.572834 -7.278768 14.032899 128.370543 1.000000 0.000000 0.000000 50.000000 0.000000
1.662743 -0.645621 -7.494060 13.694093 130.427636 1.000000 0.000000 0.000000 50.000000 0.000000
1.655538 -0.720562 -7.674072 13.375858 132.337001 1.000000 0.000000 0.000000 50.000000 0.000000
1.647565 -0.797303 -7.819812 13.076717 134.103520 1.000000 0.000000 0.000000 50.000000 0.000000
1.638810 -0.875501 -7.932288 12.795241 135.731902 1.000000 0.000000 0.000000 50.000000 0.000000
1.629261 -0.954824 -8.012508 12.530049 137.226702 1.000000 0.000000 0.000000 50.000000 0.000000
1.618912 -1.034949 -8.061480 12.279805 138.592350 1.000000 0.000000 0.000000 50.000000 0.000000
1.607756 -1.115563 -8.080212 12.043217 139.833172 1.000000 0.000000 0.000000 50.000000 0.000000
1.595793 -1.196366 -8.069712 11.819037 140.953412 1.000000 0.000000 0.000000 50.000000 0.000000
1.583022 -1.277063 -8.030988 11.606060 141.957257 1.000000 0.000000 0.000000 50.000000 0.000000
1.569448 -1.357373 -7.965048 11.403122 142.848852 1.000000 0.000000 0.000000 50.000000 0.000000
1.555078 -1.437023 -7.872900 11.209099 143.632322 1.000000 0.000000 0.000000 50.000000 0.000000
1.539921 -1.515752 -7.755552 11.022911 144.311789 1.000000 0.000000 0.000000 50.000000 0.000000
1.523988 -1.593308 -7.614012 10.843518 144.891383 1.000000 0.000000 0.000000 50.000000 0.000000
1.507293 -1.669448 -7.449288 10.669920 145.375259 1.000000 0.000000 0.000000 50.000000 0.000000
1.489854 -1.743941 -7.262388 10.501162 145.767605 1.000000 0.000000 0.000000 50.000000 0.000000
1.471688 -1.816564 -7.054320 10.336327 146.072649 1.000000 0.000000 0.000000 50.000000 0.000000
1.452817 -1.887108 -6.826092 10.174542 146.294669 1.000000 0.000000 0.000000 50.000000 0.000000
1.433263 -1.955369 -6.578712 10.014977 146.437993 1.000000 0.000000 0.000000 50.000000 0.000000
1.413052 -2.021156 -6.313188 9.856846 146.507000 1.000000 0.000000 0.000000 50.000000 0.000000
1.392209 -2.084288 -6.030528 9.699405 146.506123 1.000000 0.000000 0.000000 50.000000 0.000000
1.370763 -2.144593 -5.731740 9.541955 146.439839 1.000000 0.000000 0.000000 50.000000 0.000000
1.348744 -2.201910 -5.417832 9.383842 146.312671 1.000000 0.000000 0.000000 50.000000 0.000000
1.326183 -2.256089 -5.089812 9.224458 146.129175 1.000000 0.000000 0.000000 50.000000 0.000000
1.303113 -2.306987 -4.748688 9.063238 145.893930 1.000000 0.000000 0.000000 50.000000 0.000000
1.279568 -2.354474 -4.395468 8.899666 145.611531 1.000000 0.000000 0.000000 50.000000 0.000000
1.255584 -2.398428 -4.031160 8.733270 145.286569 1.000000 0.000000 0.000000 50.000000 0.000000
1.231197 -2.438740 -3.656772 8.563625 144.923620 1.000000 0.000000 0.000000 50.000000 0.000000
1.206444 -2.475308 -3.273312 8.390350 144.527225 1.000000 0.000000 0.000000 50.000000 0.000000
1.181363 -2.508041 -2.881788 8.213111 144.101875 1.000000 0.000000 0.000000 50.000000 0.000000
1.155995 -2.536859 -2.483208 8.031619 143.651985 1.000000 0.000000 0.000000 50.000000 0.000000
1.130378 -2.561691 -2.078580 7.845627 143.181879 1.000000 0.000000 0.000000 50.000000 0.000000
1.104553 -2.582476 -1.668912 7.654935 142.695764 1.000000 0.000000 0.000000 50.000000 0.000000
1.078561 -2.599166 -1.255212 7.459381 142.197708 1.000000 0.000000 0.000000 50.000000 0.000000
1.052444 -2.611718 -0.838488 7.258847 141.691617 1.000000 0.000000 0.000000 50.000000 0.000000
1.026243 -2.620103 -0.419748 7.053252 141.181208 1.000000 0.000000 0.000000 50.000000 0.000000
1.000000 -2.624300 0.000000 6.842553 140.669988 1.000000 0.000000 0.000000 50.000000 0.000000
0.973757 -2.624300 0.419748 6.626742 140.161226 1.000000 0.000000 0.000000 50.000000 0.000000
0.947556 -2.620103 0.838488 6.405843 139.657930 1.000000 0.000000 0.000000 50.000000 0.000000
0.921439 -2.611718 1.255212 6.179911 139.162822 1.000000 0.000000 0.000000 50.000000 0.000000
0.895447 -2.599166 1.668912 5.949028 138.678312 1.000000 0.000000 0.000000 50.000000 0.000000
0.869622 -2.582476 2.078580 5.713300 138.206477 1.000000 0.000000 0.000000 50.000000 0.000000
0.844005 -2.561691 2.483208 5.472853 137.749038 1.000000 0.000000 0.000000 50.000000 0.000000
0.818637 -2.536859 2.881788 5.227832 137.307333 1.000000 0.000000 0.000000 50.000000 0.000000
0.793556 -2.508041 3.273312 4.978395 136.882302 1.000000 0.000000 0.000000 50.000000 0.000000
0.768803 -2.475308 3.656772 4.724706 136.474464 1.000000 0.000000 0.000000 50.000000 0.000000
0.744416 -2.438740 4.031160 4.466940 136.083898 1.000000 0.000000 0.000000 50.000000 0.000000
0.720432 -2.398428 4.395468 4.205268 135.710225 1.000000 0.000000 0.000000 50.000000 0.000000
0.696887 -2.354474 4.748688 3.939859 135.352596 1.000000 0.000000 0.000000 50.000000 0.000000
0.673817 -2.306987 5.089812 3.670873 135.009673 1.000000 0.000000 0.000000 50.000000 0.000000
0.651256 -2.256089 5.417832 3.398459 134.679622 1.000000 0.000000 0.000000 50.000000 0.000000
0.629237 -2.201910 5.731740 3.122744 134.360097 1.000000 0.000000 0.000000 50.000000 0.000000
0.607791 -2.144593 6.030528 2.843834 134.048237 1.000000 0.000000 0.000000 50.000000 0.000000
0.586948 -2.084288 6.313188 2.561805 133.740655 1.000000 0.000000 0.000000 50.000000 0.000000
0.566737 -2.021156 6.578712 2.276700 133.433438 1.000000 0.000000 0.000000 50.000000 0.000000
0.547183 -1.955369 6.826092 1.988524 133.122141 1.000000 0.000000 0.000000 50.000000 0.000000
0.528312 -1.887108 7.054320 1.697234 132.801789 1.000000 0.000000 0.000000 50.000000 0.000000
0.510146 -1.816564 7.262388 1.402740 132.466882 1.000000 0.000000 0.000000 50.000000 0.000000
0.492707 -1.743941 7.449288 1.104898 132.111391 1.000000 0.000000 0.000000 50.000000 0.000000
0.476012 -1.669448 7.614012 0.803501 131.728775 1.000000 0.000000 0.000000 50.000000 0.000000
0.460079 -1.593308 7.755552 0.498277 131.311982 1.000000 0.000000 0.000000 50.000000 0.000000
0.444922 -1.515752 7.872900 0.188886 130.853463 1.000000 0.000000 0.000000 50.000000 0.000000
0.430552 -1.437023 7.965048 -0.125091 130.345183 1.000000 0.000000 0.000000 50.000000 0.000000
0.416978 -1.357373 8.030988 -0.444150 129.778639 1.000000 0.000000 0.000000 50.000000 0.000000
0.404207 -1.277063 8.069712 -0.768875 129.144872 1.000000 0.000000 0.000000 50.000000 0.000000
0.392244 -1.196366 8.080212 -1.099937 128.434487 1.000000 0.000000 0.000000 50.000000 0.000000
0.381088 -1.115563 8.061480 -1.438104 127.637672 1.000000 0.000000 0.000000 50.000000 0.000000
0.370739 -1.034949 8.012508 -1.784238 126.744220 1.000000 0.000000 0.000000 50.000000 0.000000
0.361190 -0.954824 7.932288 -2.139307 125.743548 1.000000 0.000000 0.000000 50.000000 0.000000
0.352435 -0.875501 7.819812 -2.504383 124.624723 1.000000 0.000000 0.000000 50.000000 0.000000
0.344462 -0.797303 7.674072 -2.880647 123.376482 1.000000 0.000000 0.000000 50.000000 0.000000
0.337257 -0.720562 7.494060 -3.269393 121.987256 1.000000 0.000000 0.000000 50.000000 0.000000
0.330800 -0.645621 7.278768 -3.672032 120.445194 1.000000 0.000000 0.000000 50.000000 0.000000
0.325072 -0.572834 7.027188 -4.090091 118.738186 1.000000 0.000000 0.000000 50.000000 0.000000
0.320046 -0.502562 6.738312 -4.525220 116.853884 1.000000 0.000000 0.000000 50.000000 0.000000
0.315695 -0.435179 6.411132 -4.979193 114.779723 1.000000 0.000000 0.000000 50.000000 0.000000
0.311984 -0.371067 6.044640 -5.453907 112.502939 1.000000 0.000000 0.000000 50.000000 0.000000
0.308878 -0.310621 5.637828 -5.951389 110.010586 1.000000 0.000000 0.000000 50.000000 0.000000
0.306335 -0.254243 5.189688 -6.473794 107.289554 1.000000 0.000000 0.000000 50.000000 0.000000
0.304312 -0.202346 4.699212 -7.023410 104.326572 1.000000 0.000000 0.000000 50.000000 0.000000
0.302758 -0.155354 4.165392 -7.602655 101.108222 1.000000 0.000000 0.000000 50.000000 0.000000
0.301621 -0.113700 3.587220 -8.214084 97.620936 1.000000 0.000000 0.000000 50.000000 0.000000
0.300843 -0.077827 2.963688 -8.860386 93.850995 1.000000 0.000000 0.000000 50.000000 0.000000
0.300361 -0.048191 2.293788 -9.544387 89.784522 1.000000 0.000000 0.000000 50.000000 0.000000
0.300109 -0.025253 1.576512 -10.269053 85.407462 1.000000 0.000000 0.000000 50.000000 0.000000
0.300014 -0.009488 0.810852 -11.037490 81.125560 1.000000 0.000000 0.000000 50.000000 0.000000
0.300000 -0.001379 0.000000 -11.848745 81.125560 1.000000 0.000000 0.000000 50.000000 0.000000
