3010 301 10 100
R_KFE_des_th R_KFE_des_thd R_KFE_des_thdd R_KFE_uff R_KFE_vff R_HFE_des_th R_HFE_des_thd R_HFE_des_thdd R_HFE_uff R_HFE_vff
1.700000 0.000000 0.000000 13.297731 0.000000 1.000000 0.000000 0.000000 39.823421 0.000000
1.700000 -0.000003 -0.000819 13.296488 0.000000 1.000000 -0.000002 -0.000665 39.820801 0.000000
1.700000 -0.000022 -0.003231 13.292824 0.000000 1.000000 -0.000018 -0.002625 39.813076 0.000000
1.699999 -0.000072 -0.007172 13.286833 0.000000 1.000000 -0.000059 -0.005827 39.800436 0.000000
1.699998 -0.000170 -0.012578 13.278604 0.000000 0.999999 -0.000138 -0.010220 39.783057 0.000000
1.699996 -0.000329 -0.019387 13.268222 0.000000 0.999997 -0.000267 -0.015752 39.761102 0.000000
1.699991 -0.000562 -0.027537 13.255767 0.000000 0.999993 -0.000457 -0.022373 39.734722 0.000000
1.699984 -0.000884 -0.036967 13.241317 0.000000 0.999987 -0.000718 -0.030036 39.704051 0.000000
1.699973 -0.001306 -0.047619 13.224944 0.000000 0.999978 -0.001061 -0.038691 39.669216 0.000000
1.699958 -0.001840 -0.059435 13.206717 0.000000 0.999966 -0.001495 -0.048291 39.630327 0.000000
1.699936 -0.002498 -0.072356 13.186702 0.000000 0.999948 -0.002030 -0.058789 39.587487 0.000000
1.699907 -0.003291 -0.086327 13.164959 0.000000 0.999925 -0.002674 -0.070141 39.540783 0.000000
1.699870 -0.004228 -0.101292 13.141549 0.000000 0.999894 -0.003435 -0.082300 39.490296 0.000000
1.699822 -0.005320 -0.117198 13.116525 0.000000 0.999856 -0.004322 -0.095224 39.436093 0.000000
1.699763 -0.006575 -0.133992 13.089940 0.000000 0.999807 -0.005342 -0.108868 39.378231 0.000000
1.699690 -0.008002 -0.151620 13.061842 0.000000 0.999748 -0.006502 -0.123191 39.316759 0.000000
1.699602 -0.009610 -0.170032 13.032279 0.000000 0.999677 -0.007808 -0.138151 39.251715 0.000000
1.699497 -0.011405 -0.189179 13.001293 0.000000 0.999592 -0.009267 -0.153708 39.183128 0.000000
1.699374 -0.013396 -0.209010 12.968924 0.000000 0.999491 -0.010884 -0.169821 39.111018 0.000000
1.699229 -0.015588 -0.229478 12.935212 0.000000 0.999373 -0.012665 -0.186451 39.035398 0.000000
1.699061 -0.017987 -0.250536 12.900191 0.000000 0.999237 -0.014615 -0.203560 38.956270 0.000000
1.698868 -0.020600 -0.272137 12.863895 0.000000 0.999081 -0.016738 -0.221111 38.873630 0.000000
1.698648 -0.023432 -0.294236 12.826354 0.000000 0.998902 -0.019038 -0.239067 38.787466 0.000000
1.698399 -0.026486 -0.316789 12.787597 0.000000 0.998699 -0.021520 -0.257391 38.697758 0.000000
1.698118 -0.029769 -0.339752 12.747650 0.000000 0.998471 -0.024187 -0.276048 38.604480 0.000000
1.697803 -0.033283 -0.363083 12.706538 0.000000 0.998215 -0.027042 -0.295005 38.507598 0.000000
1.697452 -0.037031 -0.386741 12.664281 0.000000 0.997929 -0.030088 -0.314227 38.407073 0.000000
1.697061 -0.041018 -0.410685 12.620901 0.000000 0.997612 -0.033327 -0.333681 38.302857 0.000000
1.696630 -0.045246 -0.434875 12.576415 0.000000 0.997262 -0.036762 -0.353336 38.194899 0.000000
1.696156 -0.049717 -0.459272 12.530838 0.000000 0.996877 -0.040395 -0.373159 38.083141 0.000000
1.695635 -0.054432 -0.483840 12.484184 0.000000 0.996454 -0.044226 -0.393120 37.967521 0.000000
1.695066 -0.059394 -0.508540 12.436465 0.000000 0.995991 -0.048257 -0.413189 37.847968 0.000000
1.694446 -0.064603 -0.533337 12.387691 0.000000 0.995488 -0.052490 -0.433337 37.724411 0.000000
1.693773 -0.070061 -0.558196 12.337868 0.000000 0.994941 -0.056924 -0.453534 37.596770 0.000000
1.693044 -0.075767 -0.583082 12.287003 0.000000 0.994349 -0.061561 -0.473754 37.464965 0.000000
1.692257 -0.081722 -0.607962 12.235098 0.000000 0.993709 -0.066399 -0.493969 37.328908 0.000000
1.691409 -0.087926 -0.632803 12.182155 0.000000 0.993020 -0.071440 -0.514152 37.188509 0.000000
1.690498 -0.094378 -0.657573 12.128173 0.000000 0.992280 -0.076682 -0.534278 37.043674 0.000000
1.689521 -0.101077 -0.682242 12.073148 0.000000 0.991486 -0.082125 -0.554321 36.894306 0.000000
1.688475 -0.108023 -0.706779 12.017075 0.000000 0.990636 -0.087768 -0.574258 36.740304 0.000000
1.687360 -0.115212 -0.731156 11.959945 0.000000 0.989730 -0.093610 -0.594064 36.581564 0.000000
1.686170 -0.122645 -0.755343 11.901750 0.000000 0.988763 -0.099649 -0.613716 36.417980 0.000000
1.684906 -0.130319 -0.779314 11.842475 0.000000 0.987736 -0.105884 -0.633192 36.249444 0.000000
1.683563 -0.138231 -0.803040 11.782105 0.000000 0.986645 -0.112312 -0.652470 36.075844 0.000000
1.682140 -0.146378 -0.826498 11.720623 0.000000 0.985489 -0.118932 -0.671529 35.897068 0.000000
1.680635 -0.154759 -0.849660 11.658008 0.000000 0.984266 -0.125742 -0.690349 35.713001 0.000000
1.679044 -0.163371 -0.872503 11.594237 0.000000 0.982974 -0.132739 -0.708909 35.523526 0.000000
1.677367 -0.172208 -0.895003 11.529283 0.000000 0.981610 -0.139919 -0.727190 35.328525 0.000000
1.675600 -0.181269 -0.917137 11.463118 0.000000 0.980175 -0.147281 -0.745174 35.127879 0.000000
1.673741 -0.190550 -0.938883 11.395709 0.000000 0.978664 -0.154822 -0.762842 34.921470 0.000000
1.671788 -0.200046 -0.960219 11.327022 0.000000 0.977078 -0.162537 -0.780178 34.709175 0.000000
1.669739 -0.209753 -0.981126 11.257018 0.000000 0.975413 -0.170424 -0.797165 34.490874 0.000000
1.667592 -0.219667 -1.001582 11.185656 0.000000 0.973669 -0.178479 -0.813786 34.266446 0.000000
1.665345 -0.229783 -1.021569 11.112891 0.000000 0.971843 -0.186699 -0.830025 34.035769 0.000000
1.662996 -0.240097 -1.041069 11.038676 0.000000 0.969934 -0.195078 -0.845868 33.798722 0.000000
1.660542 -0.250603 -1.060063 10.962960 0.000000 0.967941 -0.203615 -0.861301 33.555183 0.000000
1.657983 -0.261296 -1.078535 10.885688 0.000000 0.965861 -0.212303 -0.876309 33.305033 0.000000
1.655316 -0.272171 -1.096467 10.806802 0.000000 0.963694 -0.221139 -0.890880 33.048152 0.000000
1.652539 -0.283224 -1.113846 10.726241 0.000000 0.961438 -0.230119 -0.905000 32.784422 0.000000
1.649651 -0.294447 -1.130655 10.643939 0.000000 0.959091 -0.239238 -0.918657 32.513724 0.000000
1.646650 -0.305835 -1.146880 10.559828 0.000000 0.956653 -0.248491 -0.931840 32.235944 0.000000
1.643534 -0.317382 -1.162508 10.473837 0.000000 0.954121 -0.257873 -0.944538 31.950967 0.000000
1.640301 -0.329083 -1.177526 10.385890 0.000000 0.951495 -0.267380 -0.956740 31.658682 0.000000
1.636952 -0.340931 -1.191921 10.295907 0.000000 0.948773 -0.277006 -0.968436 31.358977 0.000000
1.633482 -0.352919 -1.205682 10.203807 0.000000 0.945954 -0.286747 -0.979617 31.051745 0.000000
1.629893 -0.365042 -1.218798 10.109502 0.000000 0.943038 -0.296597 -0.990274 30.736882 0.000000
1.626181 -0.377293 -1.231259 10.012905 0.000000 0.940022 -0.306550 -1.000398 30.414285 0.000000
1.622346 -0.389665 -1.243054 9.913921 0.000000 0.936906 -0.316603 -1.009981 30.083856 0.000000
1.618387 -0.402152 -1.254175 9.812456 0.000000 0.933690 -0.326748 -1.019017 29.745498 0.000000
1.614303 -0.414746 -1.264613 9.708409 0.000000 0.930371 -0.336981 -1.027498 29.399120 0.000000
1.610092 -0.427442 -1.274360 9.601678 0.000000 0.926950 -0.347296 -1.035418 29.044634 0.000000
1.605754 -0.440231 -1.283409 9.492158 0.000000 0.923425 -0.357688 -1.042770 28.681955 0.000000
1.601287 -0.453108 -1.291754 9.379740 0.000000 0.919796 -0.368150 -1.049550 28.311006 0.000000
1.596691 -0.466064 -1.299387 9.264313 0.000000 0.916062 -0.378677 -1.055752 27.931709 0.000000
1.591966 -0.479093 -1.306304 9.145764 0.000000 0.912222 -0.389263 -1.061372 27.543997 0.000000
1.587109 -0.492188 -1.312500 9.023975 0.000000 0.908276 -0.399902 -1.066406 27.147804 0.000000
1.582122 -0.505340 -1.317970 8.898830 0.000000 0.904224 -0.410589 -1.070850 26.743071 0.000000
1.577002 -0.518544 -1.322710 8.770207 0.000000 0.900064 -0.421317 -1.074702 26.329745 0.000000
1.571751 -0.531792 -1.326717 8.637983 0.000000 0.895797 -0.432081 -1.077957 25.907779 0.000000
1.566366 -0.545076 -1.329988 8.502036 0.000000 0.891423 -0.442875 -1.080615 25.477133 0.000000
1.560849 -0.558389 -1.332520 8.362240 0.000000 0.886940 -0.453691 -1.082673 25.037772 0.000000
1.555199 -0.571724 -1.334313 8.218468 0.000000 0.882349 -0.464526 -1.084130 24.589669 0.000000
1.549415 -0.585073 -1.335365 8.070594 0.000000 0.877649 -0.475372 -1.084984 24.132804 0.000000
1.543497 -0.598429 -1.335675 7.918489 0.000000 0.872841 -0.486224 -1.085236 23.667165 0.000000
1.537446 -0.611784 -1.335244 7.762027 0.000000 0.867925 -0.497075 -1.084885 23.192748 0.000000
1.531261 -0.625132 -1.334070 7.601078 0.000000 0.862900 -0.507919 -1.083932 22.709557 0.000000
1.524943 -0.638463 -1.332155 7.435517 0.000000 0.857767 -0.518751 -1.082376 22.217603 0.000000
1.518492 -0.651772 -1.329501 7.265216 0.000000 0.852525 -0.529565 -1.080220 21.716908 0.000000
1.511908 -0.665051 -1.326109 7.090050 0.000000 0.847175 -0.540354 -1.077464 21.207502 0.000000
1.505191 -0.678292 -1.321981 6.909896 0.000000 0.841718 -0.551112 -1.074110 20.689423 0.000000
1.498342 -0.691488 -1.317120 6.724632 0.000000 0.836153 -0.561834 -1.070160 20.162721 0.000000
1.491362 -0.704632 -1.311529 6.534138 0.000000 0.830481 -0.572513 -1.065617 19.627455 0.000000
1.484250 -0.717716 -1.305211 6.338298 0.000000 0.824703 -0.583144 -1.060484 19.083693 0.000000
1.477008 -0.730734 -1.298171 6.136999 0.000000 0.818819 -0.593721 -1.054764 18.531514 0.000000
1.469636 -0.743677 -1.290413 5.930131 0.000000 0.812829 -0.604238 -1.048460 17.971009 0.000000
1.462134 -0.756540 -1.281941 5.717588 0.000000 0.806734 -0.614688 -1.041577 17.402277 0.000000
1.454505 -0.769314 -1.272762 5.499269 0.000000 0.800535 -0.625067 -1.034119 16.825430 0.000000
1.446748 -0.781992 -1.262879 5.275078 0.000000 0.794233 -0.635369 -1.026090 16.240593 0.000000
1.438866 -0.794569 -1.252301 5.044924 0.000000 0.787828 -0.645587 -1.017495 15.647897 0.000000
1.430857 -0.807036 -1.241033 4.808721 0.000000 0.781322 -0.655717 -1.008339 15.047491 0.000000
1.422725 -0.819387 -1.229081 4.566391 0.000000 0.774714 -0.665752 -0.998628 14.439532 0.000000
1.414470 -0.831616 -1.216453 4.317863 0.000000 0.768007 -0.675688 -0.988368 13.824189 0.000000
1.406093 -0.843714 -1.203157 4.063070 0.000000 0.761201 -0.685518 -0.977565 13.201645 0.000000
1.397596 -0.855676 -1.189201 3.801956 0.000000 0.754297 -0.695237 -0.966226 12.572093 0.000000
1.388980 -0.867496 -1.174592 3.534472 0.000000 0.747296 -0.704840 -0.954356 11.935740 0.000000
1.380247 -0.879166 -1.159340 3.260576 0.000000 0.740201 -0.714323 -0.941964 11.292805 0.000000
1.371397 -0.890681 -1.143453 2.980237 0.000000 0.733010 -0.723678 -0.929056 10.643519 0.000000
1.362434 -0.902033 -1.126941 2.693432 0.000000 0.725727 -0.732902 -0.915639 9.988124 0.000000
1.353357 -0.913217 -1.109813 2.400148 0.000000 0.718353 -0.741989 -0.901723 9.326877 0.000000
1.344170 -0.924227 -1.092079 2.100381 0.000000 0.710888 -0.750935 -0.887314 8.660046 0.000000
1.334873 -0.935057 -1.073750 1.794140 0.000000 0.703335 -0.759734 -0.872422 7.987909 0.000000
1.325469 -0.945700 -1.054835 1.481441 0.000000 0.695694 -0.768382 -0.857054 7.310761 0.000000
1.315960 -0.956152 -1.035347 1.162313 0.000000 0.687968 -0.776873 -0.841219 6.628904 0.000000
1.306347 -0.966405 -1.015295 0.836797 0.000000 0.680157 -0.785204 -0.824927 5.942654 0.000000
1.296633 -0.976456 -0.994692 0.504944 0.000000 0.672264 -0.793370 -0.808187 5.252339 0.000000
1.286819 -0.986298 -0.973549 0.166817 0.000000 0.664290 -0.801367 -0.791008 4.558296 0.000000
1.276907 -0.995925 -0.951877 -0.177509 0.000000 0.656237 -0.809189 -0.773400 3.860877 0.000000
1.266901 -1.005333 -0.929690 -0.527947 0.000000 0.648107 -0.816833 -0.755373 3.160440 0.000000
1.256801 -1.014517 -0.907000 -0.884397 0.000000 0.639901 -0.824295 -0.736937 2.457357 0.000000
1.246611 -1.023472 -0.883819 -1.246749 0.000000 0.631622 -0.831571 -0.718103 1.752007 0.000000
1.236333 -1.032192 -0.860160 -1.614878 0.000000 0.623270 -0.838656 -0.698880 1.044780 0.000000
1.225968 -1.040673 -0.836037 -1.988647 0.000000 0.614849 -0.845547 -0.679280 0.336076 0.000000
1.215520 -1.048911 -0.811462 -2.367910 0.000000 0.606360 -0.852240 -0.659313 -0.373699 0.000000
1.204991 -1.056901 -0.786450 -2.752503 0.000000 0.597805 -0.858732 -0.638990 -1.084128 0.000000
1.194383 -1.064639 -0.761014 -3.142256 0.000000 0.589186 -0.865019 -0.618324 -1.794789 0.000000
1.183699 -1.072120 -0.735168 -3.536982 0.000000 0.580505 -0.871098 -0.597324 -2.505252 0.000000
1.172941 -1.079341 -0.708927 -3.936485 0.000000 0.571765 -0.876964 -0.576003 -3.215082 0.000000
1.162113 -1.086297 -0.682304 -4.340555 0.000000 0.562967 -0.882617 -0.554372 -3.923836 0.000000
1.151216 -1.092986 -0.655315 -4.748974 0.000000 0.554113 -0.888051 -0.532443 -4.631070 0.000000
1.140254 -1.099402 -0.627974 -5.161509 0.000000 0.545207 -0.893264 -0.510229 -5.336331 0.000000
1.129229 -1.105544 -0.600295 -5.577919 0.000000 0.536249 -0.898255 -0.487740 -6.039167 0.000000
1.118144 -1.111407 -0.572295 -5.997951 0.000000 0.527242 -0.903018 -0.464990 -6.739122 0.000000
1.107002 -1.116989 -0.543988 -6.421342 0.000000 0.518189 -0.907554 -0.441990 -7.435736 0.000000
1.095805 -1.122286 -0.515390 -6.847821 0.000000 0.509092 -0.911857 -0.418754 -8.128552 0.000000
1.084557 -1.127296 -0.486515 -7.277107 0.000000 0.499953 -0.915928 -0.395293 -8.817109 0.000000
1.073260 -1.132015 -0.457380 -7.708909 0.000000 0.490774 -0.919763 -0.371621 -9.500950 0.000000
1.061918 -1.136443 -0.428000 -8.142930 0.000000 0.481558 -0.923360 -0.347750 -10.179617 0.000000
1.050533 -1.140575 -0.398392 -8.578865 0.000000 0.472308 -0.926717 -0.323693 -10.852656 0.000000
1.039107 -1.144410 -0.368570 -9.016402 0.000000 0.463025 -0.929833 -0.299463 -11.519617 0.000000
1.027645 -1.147945 -0.338551 -9.455223 0.000000 0.453712 -0.932706 -0.275073 -12.180052 0.000000
1.016150 -1.151180 -0.308352 -9.895004 0.000000 0.444371 -0.935334 -0.250536 -12.833520 0.000000
1.004623 -1.154112 -0.277988 -10.335417 0.000000 0.435006 -0.937716 -0.225865 -13.479587 0.000000
0.993068 -1.156739 -0.247475 -10.776130 0.000000 0.425618 -0.939851 -0.201073 -14.117823 0.000000
0.981489 -1.159061 -0.216830 -11.216806 0.000000 0.416210 -0.941737 -0.176175 -14.747808 0.000000
0.969888 -1.161076 -0.186070 -11.657108 0.000000 0.406784 -0.943374 -0.151182 -15.369130 0.000000
0.958269 -1.162782 -0.155210 -12.096695 0.000000 0.397343 -0.944760 -0.126108 -15.981389 0.000000
0.946633 -1.164180 -0.124268 -12.535226 0.000000 0.387890 -0.945896 -0.100967 -16.584192 0.000000
0.934986 -1.165267 -0.093259 -12.972361 0.000000 0.378426 -0.946780 -0.075773 -17.177160 0.000000
0.923329 -1.166045 -0.062200 -13.407759 0.000000 0.368955 -0.947411 -0.050538 -17.759925 0.000000
0.911666 -1.166511 -0.031108 -13.841079 0.000000 0.359479 -0.947790 -0.025276 -18.332133 0.000000
0.900000 -1.166667 0.000000 -14.271987 0.000000 0.350000 -0.947917 0.000000 -18.893443 0.000000
0.888334 -1.166511 0.031108 -14.700147 0.000000 0.340521 -0.947790 0.025276 -19.443529 0.000000
0.876671 -1.166045 0.062200 -15.125230 0.000000 0.331045 -0.947411 0.050538 -19.982080 0.000000
0.865014 -1.165267 0.093259 -15.546910 0.000000 0.321574 -0.946780 0.075773 -20.508802 0.000000
0.853367 -1.164180 0.124268 -15.964867 0.000000 0.312110 -0.945896 0.100967 -21.023417 0.000000
0.841731 -1.162782 0.155210 -16.378787 0.000000 0.302657 -0.944760 0.126108 -21.525664 0.000000
0.830112 -1.161076 0.186070 -16.788364 0.000000 0.293216 -0.943374 0.151182 -22.015301 0.000000
0.818511 -1.159061 0.216830 -17.193297 0.000000 0.283790 -0.941737 0.176175 -22.492102 0.000000
0.806932 -1.156739 0.247475 -17.593297 0.000000 0.274382 -0.939851 0.201073 -22.955863 0.000000
0.795377 -1.154112 0.277988 -17.988080 0.000000 0.264994 -0.937716 0.225865 -23.406397 0.000000
0.783850 -1.151180 0.308352 -18.377375 0.000000 0.255629 -0.935334 0.250536 -23.843539 0.000000
0.772355 -1.147945 0.338551 -18.760920 0.000000 0.246288 -0.932706 0.275073 -24.267140 0.000000
0.760893 -1.144410 0.368570 -19.138463 0.000000 0.236975 -0.929833 0.299463 -24.677076 0.000000
0.749467 -1.140575 0.398392 -19.509764 0.000000 0.227692 -0.926717 0.323693 -25.073242 0.000000
0.738082 -1.136443 0.428000 -19.874596 0.000000 0.218442 -0.923360 0.347750 -25.455551 0.000000
0.726740 -1.132016 0.457380 -20.232743 0.000000 0.209226 -0.919763 0.371621 -25.823942 0.000000
0.715443 -1.127296 0.486515 -20.584003 0.000000 0.200047 -0.915928 0.395293 -26.178371 0.000000
0.704195 -1.122286 0.515390 -20.928186 0.000000 0.190908 -0.911857 0.418754 -26.518816 0.000000
0.692998 -1.116989 0.543988 -21.265116 0.000000 0.181811 -0.907554 0.441990 -26.845276 0.000000
0.681856 -1.111407 0.572295 -21.594631 0.000000 0.172758 -0.903018 0.464990 -27.157773 0.000000
0.670771 -1.105544 0.600295 -21.916584 0.000000 0.163751 -0.898255 0.487740 -27.456347 0.000000
0.659746 -1.099402 0.627974 -22.230841 0.000000 0.154793 -0.893264 0.510229 -27.741059 0.000000
0.648784 -1.092986 0.655315 -22.537283 0.000000 0.145887 -0.888051 0.532443 -28.011991 0.000000
0.637887 -1.086297 0.682304 -22.835806 0.000000 0.137033 -0.882617 0.554372 -28.269247 0.000000
0.627059 -1.079341 0.708927 -23.126320 0.000000 0.128235 -0.876964 0.576003 -28.512946 0.000000
0.616301 -1.072120 0.735168 -23.408751 0.000000 0.119495 -0.871098 0.597324 -28.743232 0.000000
0.605617 -1.064639 0.761014 -23.683040 0.000000 0.110814 -0.865019 0.618324 -28.960263 0.000000
0.595009 -1.056901 0.786450 -23.949141 0.000000 0.102195 -0.858732 0.638990 -29.164219 0.000000
0.584480 -1.048911 0.811462 -24.207023 0.000000 0.093640 -0.852240 0.659313 -29.355296 0.000000
0.574032 -1.040673 0.836037 -24.456672 0.000000 0.085151 -0.845547 0.679280 -29.533708 0.000000
0.563667 -1.032192 0.860160 -24.698085 0.000000 0.076730 -0.838656 0.698880 -29.699687 0.000000
0.553389 -1.023472 0.883819 -24.931275 0.000000 0.068378 -0.831571 0.718103 -29.853478 0.000000
0.543199 -1.014517 0.907000 -25.156270 0.000000 0.060099 -0.824295 0.736937 -29.995346 0.000000
0.533099 -1.005333 0.929690 -25.373109 0.000000 0.051893 -0.816833 0.755373 -30.125567 0.000000
0.523093 -0.995925 0.951877 -25.581846 0.000000 0.043763 -0.809189 0.773400 -30.244433 0.000000
0.513181 -0.986298 0.973549 -25.782549 0.000000 0.035710 -0.801367 0.791008 -30.352250 0.000000
0.503367 -0.976456 0.994692 -25.975295 0.000000 0.027736 -0.793370 0.808187 -30.449335 0.000000
0.493653 -0.966405 1.015295 -26.160177 0.000000 0.019843 -0.785204 0.824927 -30.536018 0.000000
0.484040 -0.956152 1.035347 -26.337299 0.000000 0.012032 -0.776873 0.841219 -30.612639 0.000000
0.474531 -0.945700 1.054835 -26.506773 0.000000 0.004306 -0.768382 0.857054 -30.679551 0.000000
0.465127 -0.935057 1.073750 -26.668727 0.000000 -0.003335 -0.759734 0.872422 -30.737113 0.000000
0.455830 -0.924227 1.092079 -26.823295 0.000000 -0.010888 -0.750935 0.887314 -30.785694 0.000000
0.446643 -0.913217 1.109813 -26.970623 0.000000 -0.018353 -0.741989 0.901723 -30.825672 0.000000
0.437566 -0.902033 1.126941 -27.110866 0.000000 -0.025727 -0.732902 0.915639 -30.857431 0.000000
0.428603 -0.890681 1.143453 -27.244187 0.000000 -0.033010 -0.723678 0.929056 -30.881359 0.000000
0.419753 -0.879166 1.159340 -27.370758 0.000000 -0.040201 -0.714323 0.941964 -30.897852 0.000000
0.411020 -0.867496 1.174592 -27.490757 0.000000 -0.047296 -0.704840 0.954356 -30.907311 0.000000
0.402404 -0.855676 1.189201 -27.604372 0.000000 -0.054297 -0.695237 0.966226 -30.910137 0.000000
0.393907 -0.843714 1.203157 -27.711793 0.000000 -0.061201 -0.685518 0.977565 -30.906737 0.000000
0.385530 -0.831616 1.216453 -27.813220 0.000000 -0.068007 -0.675688 0.988368 -30.897517 0.000000
0.377275 -0.819387 1.229081 -27.908856 0.000000 -0.074714 -0.665752 0.998628 -30.882888 0.000000
0.369143 -0.807036 1.241033 -27.998908 0.000000 -0.081322 -0.655717 1.008339 -30.863257 0.000000
0.361134 -0.794569 1.252301 -28.083589 0.000000 -0.087828 -0.645587 1.017495 -30.839032 0.000000
0.353252 -0.781992 1.262879 -28.163114 0.000000 -0.094233 -0.635369 1.026090 -30.810622 0.000000
0.345495 -0.769314 1.272762 -28.237701 0.000000 -0.100535 -0.625067 1.034119 -30.778430 0.000000
0.337866 -0.756540 1.281941 -28.307572 0.000000 -0.106734 -0.614688 1.041577 -30.742859 0.000000
0.330364 -0.743677 1.290413 -28.372947 0.000000 -0.112829 -0.604238 1.048460 -30.704308 0.000000
0.322992 -0.730734 1.298171 -28.434050 0.000000 -0.118819 -0.593721 1.054764 -30.663170 0.000000
0.315750 -0.717716 1.305211 -28.491106 0.000000 -0.124703 -0.583144 1.060484 -30.619836 0.000000
0.308638 -0.704632 1.311529 -28.544337 0.000000 -0.130481 -0.572513 1.065617 -30.574688 0.000000
0.301658 -0.691488 1.317120 -28.593968 0.000000 -0.136153 -0.561834 1.070160 -30.528105 0.000000
0.294809 -0.678292 1.321981 -28.640222 0.000000 -0.141718 -0.551112 1.074110 -30.480459 0.000000
0.288092 -0.665051 1.326109 -28.683318 0.000000 -0.147175 -0.540354 1.077464 -30.432111 0.000000
0.281508 -0.651772 1.329501 -28.723477 0.000000 -0.152525 -0.529565 1.080220 -30.383418 0.000000
0.275057 -0.638463 1.332155 -28.760915 0.000000 -0.157767 -0.518751 1.082376 -30.334728 0.000000
0.268739 -0.625132 1.334070 -28.795846 0.000000 -0.162900 -0.507919 1.083932 -30.286379 0.000000
0.262554 -0.611784 1.335244 -28.828481 0.000000 -0.167925 -0.497075 1.084885 -30.238699 0.000000
0.256503 -0.598429 1.335675 -28.859027 0.000000 -0.172841 -0.486224 1.085236 -30.192008 0.000000
0.250585 -0.585073 1.335365 -28.887688 0.000000 -0.177649 -0.475372 1.084984 -30.146615 0.000000
0.244801 -0.571724 1.334313 -28.914663 0.000000 -0.182349 -0.464526 1.084130 -30.102818 0.000000
0.239151 -0.558389 1.332520 -28.940144 0.000000 -0.186940 -0.453691 1.082673 -30.060904 0.000000
0.233634 -0.545076 1.329988 -28.964323 0.000000 -0.191423 -0.442875 1.080615 -30.021150 0.000000
0.228249 -0.531792 1.326717 -28.987383 0.000000 -0.195797 -0.432081 1.077957 -29.983820 0.000000
0.222998 -0.518544 1.322710 -29.009503 0.000000 -0.200064 -0.421317 1.074702 -29.949167 0.000000
0.217878 -0.505340 1.317970 -29.030854 0.000000 -0.204224 -0.410589 1.070850 -29.917430 0.000000
0.212891 -0.492188 1.312500 -29.051605 0.000000 -0.208276 -0.399902 1.066406 -29.888839 0.000000
0.208034 -0.479093 1.306304 -29.071915 0.000000 -0.212222 -0.389263 1.061372 -29.863607 0.000000
0.203309 -0.466064 1.299387 -29.091939 0.000000 -0.216062 -0.378677 1.055752 -29.841939 0.000000
0.198713 -0.453108 1.291754 -29.111824 0.000000 -0.219796 -0.368150 1.049550 -29.824024 0.000000
0.194246 -0.440231 1.283409 -29.131712 0.000000 -0.223425 -0.357688 1.042770 -29.810039 0.000000
0.189908 -0.427442 1.274360 -29.151736 0.000000 -0.226950 -0.347296 1.035418 -29.800146 0.000000
0.185697 -0.414746 1.264613 -29.172023 0.000000 -0.230371 -0.336981 1.027498 -29.794498 0.000000
0.181613 -0.402152 1.254175 -29.192693 0.000000 -0.233690 -0.326748 1.019017 -29.793231 0.000000
0.177654 -0.389665 1.243054 -29.213860 0.000000 -0.236906 -0.316603 1.009981 -29.796468 0.000000
0.173819 -0.377293 1.231259 -29.235629 0.000000 -0.240022 -0.306550 1.000398 -29.804321 0.000000
0.170107 -0.365042 1.218798 -29.258099 0.000000 -0.243038 -0.296597 0.990274 -29.816886 0.000000
0.166518 -0.352919 1.205682 -29.281362 0.000000 -0.245954 -0.286747 0.979617 -29.834247 0.000000
0.163048 -0.340931 1.191921 -29.305500 0.000000 -0.248773 -0.277006 0.968436 -29.856475 0.000000
0.159699 -0.329083 1.177526 -29.330593 0.000000 -0.251495 -0.267380 0.956740 -29.883627 0.000000
0.156466 -0.317382 1.162508 -29.356708 0.000000 -0.254121 -0.257873 0.944538 -29.915747 0.000000
0.153350 -0.305835 1.146880 -29.383908 0.000000 -0.256653 -0.248491 0.931840 -29.952867 0.000000
0.150349 -0.294447 1.130655 -29.412250 0.000000 -0.259091 -0.239238 0.918657 -29.995003 0.000000
0.147461 -0.283224 1.113846 -29.441781 0.000000 -0.261438 -0.230119 0.905000 -30.042161 0.000000
0.144684 -0.272171 1.096467 -29.472543 0.000000 -0.263694 -0.221139 0.890880 -30.094334 0.000000
0.142017 -0.261296 1.078535 -29.504571 0.000000 -0.265861 -0.212303 0.876309 -30.151501 0.000000
0.139458 -0.250603 1.060063 -29.537891 0.000000 -0.267941 -0.203615 0.861301 -30.213629 0.000000
0.137004 -0.240097 1.041069 -29.572525 0.000000 -0.269934 -0.195078 0.845868 -30.280673 0.000000
0.134655 -0.229783 1.021569 -29.608487 0.000000 -0.271843 -0.186699 0.830025 -30.352577 0.000000
0.132408 -0.219667 1.001582 -29.645785 0.000000 -0.273669 -0.178479 0.813786 -30.429270 0.000000
0.130261 -0.209753 0.981126 -29.684420 0.000000 -0.275413 -0.170424 0.797165 -30.510672 0.000000
0.128212 -0.200046 0.960219 -29.724387 0.000000 -0.277078 -0.162537 0.780178 -30.596689 0.000000
0.126259 -0.190550 0.938883 -29.765676 0.000000 -0.278664 -0.154822 0.762842 -30.687219 0.000000
0.124400 -0.181269 0.917137 -29.808268 0.000000 -0.280175 -0.147281 0.745174 -30.782146 0.000000
0.122633 -0.172208 0.895003 -29.852143 0.000000 -0.281610 -0.139919 0.727190 -30.881343 0.000000
0.120956 -0.163371 0.872503 -29.897270 0.000000 -0.282974 -0.132739 0.708909 -30.984674 0.000000
0.119365 -0.154760 0.849660 -29.943616 0.000000 -0.284266 -0.125742 0.690349 -31.091991 0.000000
0.117860 -0.146378 0.826498 -29.991141 0.000000 -0.285489 -0.118932 0.671529 -31.203136 0.000000
0.116437 -0.138231 0.803040 -30.039801 0.000000 -0.286645 -0.112312 0.652470 -31.317942 0.000000
0.115094 -0.130319 0.779314 -30.089545 0.000000 -0.287736 -0.105884 0.633192 -31.436231 0.000000
0.113830 -0.122645 0.755343 -30.140318 0.000000 -0.288763 -0.099649 0.613716 -31.557814 0.000000
0.112640 -0.115212 0.731156 -30.192062 0.000000 -0.289730 -0.093610 0.594064 -31.682497 0.000000
0.111525 -0.108023 0.706779 -30.244711 0.000000 -0.290636 -0.087768 0.574258 -31.810072 0.000000
0.110479 -0.101077 0.682242 -30.298197 0.000000 -0.291486 -0.082125 0.554321 -31.940325 0.000000
0.109502 -0.094378 0.657573 -30.352446 0.000000 -0.292280 -0.076682 0.534278 -32.073032 0.000000
0.108591 -0.087926 0.632803 -30.407381 0.000000 -0.293020 -0.071440 0.514152 -32.207962 0.000000
0.107743 -0.081722 0.607962 -30.462921 0.000000 -0.293709 -0.066399 0.493969 -32.344874 0.000000
0.106956 -0.075767 0.583082 -30.518980 0.000000 -0.294349 -0.061561 0.473754 -32.483519 0.000000
0.106227 -0.070061 0.558196 -30.575469 0.000000 -0.294941 -0.056924 0.453534 -32.623642 0.000000
0.105554 -0.064603 0.533337 -30.632295 0.000000 -0.295488 -0.052490 0.433337 -32.764979 0.000000
0.104934 -0.059394 0.508540 -30.689361 0.000000 -0.295991 -0.048257 0.413189 -32.907259 0.000000
0.104365 -0.054432 0.483840 -30.746568 0.000000 -0.296454 -0.044226 0.393120 -33.050204 0.000000
0.103844 -0.049717 0.459272 -30.803813 0.000000 -0.296877 -0.040395 0.373159 -33.193529 0.000000
0.103370 -0.045246 0.434875 -30.860989 0.000000 -0.297262 -0.036762 0.353336 -33.336942 0.000000
0.102939 -0.041018 0.410685 -30.917987 0.000000 -0.297612 -0.033327 0.333681 -33.480144 0.000000
0.102548 -0.037031 0.386741 -30.974695 0.000000 -0.297929 -0.030088 0.314227 -33.622831 0.000000
0.102197 -0.033283 0.363083 -31.030997 0.000000 -0.298215 -0.027042 0.295005 -33.764692 0.000000
0.101882 -0.029769 0.339752 -31.086776 0.000000 -0.298471 -0.024187 0.276048 -33.905410 0.000000
0.101601 -0.026486 0.316789 -31.141912 0.000000 -0.298699 -0.021520 0.257391 -34.044662 0.000000
0.101352 -0.023432 0.294236 -31.196280 0.000000 -0.298902 -0.019038 0.239067 -34.182120 0.000000
0.101132 -0.020600 0.272137 -31.249757 0.000000 -0.299081 -0.016738 0.221111 -34.317449 0.000000
0.100939 -0.017987 0.250536 -31.302213 0.000000 -0.299237 -0.014615 0.203560 -34.450312 0.000000
0.100771 -0.015588 0.229478 -31.353518 0.000000 -0.299373 -0.012665 0.186451 -34.580362 0.000000
0.100626 -0.013396 0.209010 -31.403541 0.000000 -0.299491 -0.010884 0.169821 -34.707251 0.000000
0.100503 -0.011405 0.189179 -31.452145 0.000000 -0.299592 -0.009267 0.153708 -34.830624 0.000000
0.100398 -0.009610 0.170032 -31.499196 0.000000 -0.299677 -0.007808 0.138151 -34.950123 0.000000
0.100310 -0.008002 0.151620 -31.544553 0.000000 -0.299748 -0.006502 0.123191 -35.065383 0.000000
0.100237 -0.006575 0.133992 -31.588076 0.000000 -0.299807 -0.005342 0.108868 -35.176035 0.000000
0.100178 -0.005320 0.117198 -31.629622 0.000000 -0.299856 -0.004322 0.095224 -35.281708 0.000000
0.100130 -0.004228 0.101292 -31.669046 0.000000 -0.299894 -0.003435 0.082300 -35.382025 0.000000
0.100093 -0.003291 0.086327 -31.706202 0.000000 -0.299925 -0.002674 0.070141 -35.476603 0.000000
0.100064 -0.002498 0.072356 -31.740942 0.000000 -0.299948 -0.002030 0.058789 -35.565059 0.000000
0.100042 -0.001840 0.059435 -31.773116 0.000000 -0.299966 -0.001495 0.048291 -35.647002 0.000000
0.100027 -0.001306 0.047619 -31.802571 0.000000 -0.299978 -0.001061 0.038691 -35.722041 0.000000
0.100016 -0.000884 0.036967 -31.829154 0.000000 -0.299987 -0.000718 0.030036 -35.789777 0.000000
0.100009 -0.000562 0.027537 -31.852710 0.000000 -0.299993 -0.000457 0.022373 -35.849812 0.000000
0.100004 -0.000329 0.019387 -31.873082 0.000000 -0.299997 -0.000267 0.015752 -35.901740 0.000000
0.100002 -0.000170 0.012578 -31.890113 0.000000 -0.299999 -0.000138 0.010220 -35.945156 0.000000
0.100001 -0.000072 0.007172 -31.903642 0.000000 -0.300000 -0.000059 0.005827 -35.979648 0.000000
0.100000 -0.000022 0.003231 -31.913508 0.000000 -0.300000 -0.000018 0.002625 -36.004803 0.000000
0.100000 -0.000003 0.000819 -31.919548 0.000000 -0.300000 -0.000002 0.000665 -36.020203 0.000000
0.100000 0.000000 0.000000 -31.921598 0.000000 -0.300000 0.000000 0.000000 -36.025431 0.000000
