204 51 4 100
R_HFE_des_th R_HFE_des_thd R_HFE_des_thdd R_HFE_uff
-0.500000 0.011643 0.000000 0.000000
-0.499884 0.011643 6.704640 0.000000
-0.499097 0.078689 12.651840 0.000000
-0.497045 0.205208 17.804160 0.000000
-0.493212 0.383249 22.196160 0.000000
-0.487160 0.605211 25.862400 0.000000
-0.478522 0.863835 28.837440 0.000000
-0.467000 1.152209 31.155840 0.000000
-0.452362 1.463768 32.852160 0.000000
-0.434439 1.792289 33.960960 0.000000
-0.413120 2.131899 34.516800 0.000000
-0.388349 2.477067 34.554240 0.000000
-0.360123 2.822609 34.107840 0.000000
-0.328486 3.163688 33.212160 0.000000
-0.293528 3.495809 31.901760 0.000000
-0.255380 3.814827 30.211200 0.000000
-0.214211 4.116939 28.175040 0.000000
-0.170224 4.398689 25.827840 0.000000
-0.123654 4.656968 23.204160 0.000000
-0.074764 4.889009 20.338560 0.000000
-0.023840 5.092395 17.265600 0.000000
0.028811 5.265051 14.019840 0.000000
0.082863 5.405249 10.635840 0.000000
0.137979 5.511608 7.148160 0.000000
0.193810 5.583089 3.591360 0.000000
0.250000 5.619003 0.000000 0.000000
0.306190 5.619003 -3.591360 0.000000
0.362021 5.583089 -7.148160 0.000000
0.417137 5.511608 -10.635840 0.000000
0.471189 5.405249 -14.019840 0.000000
0.523840 5.265051 -17.265600 0.000000
0.574764 5.092395 -20.338560 0.000000
0.623654 4.889009 -23.204160 0.000000
0.670224 4.656968 -25.827840 0.000000
0.714211 4.398689 -28.175040 0.000000
0.755380 4.116939 -30.211200 0.000000
0.793528 3.814827 -31.901760 0.000000
0.828486 3.495809 -33.212160 0.000000
0.860123 3.163688 -34.107840 0.000000
0.888349 2.822609 -34.554240 0.000000
0.913120 2.477067 -34.516800 0.000000
0.934439 2.131899 -33.960960 0.000000
0.952362 1.792289 -32.852160 0.000000
0.967000 1.463768 -31.155840 0.000000
0.978522 1.152209 -28.837440 0.000000
0.987160 0.863835 -25.862400 0.000000
0.993212 0.605211 -22.196160 0.000000
0.997045 0.383249 -17.804160 0.000000
0.999097 0.205208 -12.651840 0.000000
0.999884 0.078689 -6.704640 0.000000
1.000000 0.011643 0.000000 0.000000
