404 101 4 100
L_KFE_des_th r L_KFE_des_thd rr L_KFE_des_thdd r2 L_KFE_uff r
0.200000 0.001576 0.000000 0.000000
0.200016 0.001576 0.926688 0.000000
0.200124 0.010843 1.801728 0.000000
0.200413 0.028860 2.621472 0.000000
0.200964 0.055075 3.387072 0.000000
0.201853 0.088946 4.099680 0.000000
0.203152 0.129942 4.760448 0.000000
0.204928 0.177547 5.370528 0.000000
0.207240 0.231252 5.931072 0.000000
0.210146 0.290563 6.443232 0.000000
0.213696 0.354995 6.908160 0.000000
0.217937 0.424077 7.327008 0.000000
0.222910 0.497347 7.700928 0.000000
0.228654 0.574356 8.031072 0.000000
0.235200 0.654667 8.318592 0.000000
0.242579 0.737853 8.564640 0.000000
0.250814 0.823499 8.770368 0.000000
0.259926 0.911203 8.936928 0.000000
0.269932 1.000572 9.065472 0.000000
0.280844 1.091227 9.157152 0.000000
0.292672 1.182798 9.213120 0.000000
0.305421 1.274930 9.234528 0.000000
0.319094 1.367275 9.222528 0.000000
0.333689 1.459500 9.178272 0.000000
0.349202 1.551283 9.102912 0.000000
0.365625 1.642312 8.997600 0.000000
0.382948 1.732288 8.863488 0.000000
0.401157 1.820923 8.701728 0.000000
0.420237 1.907940 8.513472 0.000000
0.440167 1.993075 8.299872 0.000000
0.460928 2.076074 8.062080 0.000000
0.482495 2.156694 7.801248 0.000000
0.504842 2.234707 7.518528 0.000000
0.527941 2.309892 7.215072 0.000000
0.551761 2.382043 6.892032 0.000000
0.576271 2.450963 6.550560 0.000000
0.601436 2.516469 6.191808 0.000000
0.627220 2.578387 5.816928 0.000000
0.653585 2.636556 5.427072 0.000000
0.680493 2.690827 5.023392 0.000000
0.707904 2.741061 4.607040 0.000000
0.735775 2.787131 4.179168 0.000000
0.764065 2.828923 3.740928 0.000000
0.792728 2.866332 3.293472 0.000000
0.821721 2.899267 2.837952 0.000000
0.850997 2.927646 2.375520 0.000000
0.880511 2.951402 1.907328 0.000000
0.910216 2.970475 1.434528 0.000000
0.940064 2.984820 0.958272 0.000000
0.970008 2.994403 0.479712 0.000000
1.000000 2.999200 0.000000 0.000000
1.029992 2.999200 -0.479712 0.000000
1.059936 2.994403 -0.958272 0.000000
1.089784 2.984820 -1.434528 0.000000
1.119489 2.970475 -1.907328 0.000000
1.149003 2.951402 -2.375520 0.000000
1.178279 2.927646 -2.837952 0.000000
1.207272 2.899267 -3.293472 0.000000
1.235935 2.866332 -3.740928 0.000000
1.264225 2.828923 -4.179168 0.000000
1.292096 2.787131 -4.607040 0.000000
1.319507 2.741061 -5.023392 0.000000
1.346415 2.690827 -5.427072 0.000000
1.372780 2.636556 -5.816928 0.000000
1.398564 2.578387 -6.191808 0.000000
1.423729 2.516469 -6.550560 0.000000
1.448239 2.450963 -6.892032 0.000000
1.472059 2.382043 -7.215072 0.000000
1.495158 2.309892 -7.518528 0.000000
1.517505 2.234707 -7.801248 0.000000
1.539072 2.156694 -8.062080 0.000000
1.559833 2.076074 -8.299872 0.000000
1.579763 1.993075 -8.513472 0.000000
1.598843 1.907940 -8.701728 0.000000
1.617052 1.820923 -8.863488 0.000000
1.634375 1.732288 -8.997600 0.000000
1.650798 1.642312 -9.102912 0.000000
1.666311 1.551283 -9.178272 0.000000
1.680906 1.459500 -9.222528 0.000000
1.694579 1.367275 -9.234528 0.000000
1.707328 1.274930 -9.213120 0.000000
1.719156 1.182798 -9.157152 0.000000
1.730068 1.091227 -9.065472 0.000000
1.740074 1.000572 -8.936928 0.000000
1.749186 0.911203 -8.770368 0.000000
1.757421 0.823499 -8.564640 0.000000
1.764800 0.737853 -8.318592 0.000000
1.771346 0.654667 -8.031072 0.000000
1.777090 0.574356 -7.700928 0.000000
1.782063 0.497347 -7.327008 0.000000
1.786304 0.424077 -6.908160 0.000000
1.789854 0.354995 -6.443232 0.000000
1.792760 0.290563 -5.931072 0.000000
1.795072 0.231252 -5.370528 0.000000
1.796848 0.177547 -4.760448 0.000000
1.798147 0.129942 -4.099680 0.000000
1.799036 0.088946 -3.387072 0.000000
1.799587 0.055075 -2.621472 0.000000
1.799876 0.028860 -1.801728 0.000000
1.799984 0.010843 -0.926688 0.000000
1.800000 0.001576 0.000000 0.000000
