404 101 4 100
L_HAA_des_th r L_HAA_des_thd rr L_HAA_des_thdd r2 L_HAA_uff r
-0.500000 0.000690 0.000000 0.000000
-0.499993 0.000690 0.405426 0.000000
-0.499946 0.004744 0.788256 0.000000
-0.499819 0.012626 1.146894 0.000000
-0.499578 0.024095 1.481844 0.000000
-0.499189 0.038914 1.793610 0.000000
-0.498621 0.056850 2.082696 0.000000
-0.497844 0.077677 2.349606 0.000000
-0.496832 0.101173 2.594844 0.000000
-0.495561 0.127121 2.818914 0.000000
-0.494008 0.155310 3.022320 0.000000
-0.492153 0.185534 3.205566 0.000000
-0.489977 0.217589 3.369156 0.000000
-0.487464 0.251281 3.513594 0.000000
-0.484600 0.286417 3.639384 0.000000
-0.481372 0.322811 3.747030 0.000000
-0.477769 0.360281 3.837036 0.000000
-0.473782 0.398651 3.909906 0.000000
-0.469405 0.437750 3.966144 0.000000
-0.464631 0.477412 4.006254 0.000000
-0.459456 0.517474 4.030740 0.000000
-0.453878 0.557782 4.040106 0.000000
-0.447896 0.598183 4.034856 0.000000
-0.441511 0.638531 4.015494 0.000000
-0.434724 0.678686 3.982524 0.000000
-0.427539 0.718512 3.936450 0.000000
-0.419960 0.757876 3.877776 0.000000
-0.411994 0.796654 3.807006 0.000000
-0.403647 0.834724 3.724644 0.000000
-0.394927 0.871970 3.631194 0.000000
-0.385844 0.908282 3.527160 0.000000
-0.376408 0.943554 3.413046 0.000000
-0.366632 0.977684 3.289356 0.000000
-0.356526 1.010578 3.156594 0.000000
-0.346104 1.042144 3.015264 0.000000
-0.335381 1.072296 2.865870 0.000000
-0.324372 1.100955 2.708916 0.000000
-0.313091 1.128044 2.544906 0.000000
-0.301557 1.153493 2.374344 0.000000
-0.289784 1.177237 2.197734 0.000000
-0.277792 1.199214 2.015580 0.000000
-0.265598 1.219370 1.828386 0.000000
-0.253222 1.237654 1.636656 0.000000
-0.240682 1.254020 1.440894 0.000000
-0.227997 1.268429 1.241604 0.000000
-0.215189 1.280845 1.039290 0.000000
-0.202276 1.291238 0.834456 0.000000
-0.189281 1.299583 0.627606 0.000000
-0.176222 1.305859 0.419244 0.000000
-0.163122 1.310051 0.209874 0.000000
-0.150000 1.312150 -0.000000 0.000000
-0.136878 1.312150 -0.209874 0.000000
-0.123778 1.310051 -0.419244 0.000000
-0.110719 1.305859 -0.627606 0.000000
-0.097724 1.299583 -0.834456 0.000000
-0.084811 1.291238 -1.039290 0.000000
-0.072003 1.280845 -1.241604 0.000000
-0.059318 1.268429 -1.440894 0.000000
-0.046778 1.254020 -1.636656 0.000000
-0.034402 1.237654 -1.828386 0.000000
-0.022208 1.219370 -2.015580 0.000000
-0.010216 1.199214 -2.197734 0.000000
0.001557 1.177237 -2.374344 0.000000
0.013091 1.153493 -2.544906 0.000000
0.024372 1.128044 -2.708916 0.000000
0.035381 1.100955 -2.865870 0.000000
0.046104 1.072296 -3.015264 0.000000
0.056526 1.042144 -3.156594 0.000000
0.066632 1.010578 -3.289356 0.000000
0.076408 0.977684 -3.413046 0.000000
0.085844 0.943554 -3.527160 0.000000
0.094927 0.908282 -3.631194 0.000000
0.103647 0.871970 -3.724644 0.000000
0.111994 0.834724 -3.807006 0.000000
0.119960 0.796654 -3.877776 0.000000
0.127539 0.757876 -3.936450 0.000000
0.134724 0.718512 -3.982524 0.000000
0.141511 0.678686 -4.015494 0.000000
0.147896 0.638531 -4.034856 0.000000
0.153878 0.598183 -4.040106 0.000000
0.159456 0.557782 -4.030740 0.000000
0.164631 0.517474 -4.006254 0.000000
0.169405 0.477412 -3.966144 0.000000
0.173782 0.437750 -3.909906 0.000000
0.177769 0.398651 -3.837036 0.000000
0.181372 0.360281 -3.747030 0.000000
0.184600 0.322811 -3.639384 0.000000
0.187464 0.286417 -3.513594 0.000000
0.189977 0.251281 -3.369156 0.000000
0.192153 0.217589 -3.205566 0.000000
0.194008 0.185534 -3.022320 0.000000
0.195561 0.155310 -2.818914 0.000000
0.196832 0.127121 -2.594844 0.000000
0.197844 0.101173 -2.349606 0.000000
0.198621 0.077677 -2.082696 0.000000
0.199189 0.056850 -1.793610 0.000000
0.199578 0.038914 -1.481844 0.000000
0.199819 0.024095 -1.146894 0.000000
0.199946 0.012626 -0.788256 0.000000
0.199993 0.004744 -0.405426 0.000000
0.200000 0.000690 0.000000 0.000000
