404 101 4 100
L_HFE_des_th L_HFE_des_thd L_HFE_des_thdd L_HFE_uff
0.100000 0.000591 0.000000 6.741429
0.100006 0.000591 0.347508 7.784337
0.100047 0.004066 0.675648 8.771405
0.100155 0.010823 0.983052 9.700664
0.100361 0.020653 1.270152 10.575412
0.100695 0.033355 1.537380 11.398815
0.101182 0.048728 1.785168 12.173908
0.101848 0.066580 2.013948 12.903601
0.102715 0.086720 2.224152 13.590680
0.103805 0.108961 2.416212 14.237809
0.105136 0.133123 2.590560 14.847536
0.106726 0.159029 2.747628 15.422290
0.108591 0.186505 2.887848 15.964392
0.110745 0.215384 3.011652 16.476049
0.113200 0.245500 3.119472 16.959365
0.115967 0.276695 3.211740 17.416337
0.119055 0.308812 3.288888 17.848861
0.122472 0.341701 3.351348 18.258738
0.126224 0.375215 3.399552 18.647668
0.130317 0.409210 3.433932 19.017262
0.134752 0.443549 3.454920 19.369040
0.139533 0.478099 3.462948 19.704435
0.144660 0.512728 3.458448 20.024794
0.150133 0.547313 3.441852 20.331385
0.155951 0.581731 3.413592 20.625395
0.162109 0.615867 3.374100 20.907936
0.168605 0.649608 3.323808 21.180048
0.175434 0.682846 3.263148 21.442698
0.182589 0.715478 3.192552 21.696788
0.190063 0.747403 3.112452 21.943154
0.197848 0.778528 3.023280 22.182571
0.205936 0.808760 2.925468 22.415754
0.214316 0.838015 2.819448 22.643361
0.222978 0.866210 2.705652 22.866000
0.231911 0.893266 2.584512 23.084223
0.241102 0.919111 2.456460 23.298540
0.250538 0.943676 2.321928 23.509412
0.260207 0.966895 2.181348 23.717259
0.270094 0.988709 2.035152 23.922461
0.280185 1.009060 1.883772 24.125364
0.290464 1.027898 1.727640 24.326276
0.300916 1.045174 1.567188 24.525478
0.311524 1.060846 1.402848 24.723220
0.322273 1.074875 1.235052 24.919729
0.333145 1.087225 1.064232 25.115208
0.344124 1.097867 0.890820 25.309840
0.355192 1.106776 0.715248 25.503793
0.366331 1.113928 0.537948 25.697220
0.377524 1.119308 0.359352 25.890261
0.388753 1.122901 0.179892 26.083050
0.400000 1.124700 -0.000000 26.275714
0.411247 1.124700 -0.179892 26.468379
0.422476 1.122901 -0.359352 26.661168
0.433669 1.119308 -0.537948 26.854209
0.444808 1.113928 -0.715248 27.047635
0.455876 1.106776 -0.890820 27.241588
0.466855 1.097867 -1.064232 27.436221
0.477727 1.087225 -1.235052 27.631700
0.488476 1.074875 -1.402848 27.828209
0.499084 1.060846 -1.567188 28.025951
0.509536 1.045174 -1.727640 28.225153
0.519815 1.027898 -1.883772 28.426065
0.529906 1.009060 -2.035152 28.628967
0.539793 0.988709 -2.181348 28.834170
0.549462 0.966895 -2.321928 29.042017
0.558898 0.943676 -2.456460 29.252888
0.568089 0.919111 -2.584512 29.467205
0.577022 0.893266 -2.705652 29.685429
0.585684 0.866210 -2.819448 29.908067
0.594064 0.838015 -2.925468 30.135675
0.602152 0.808760 -3.023280 30.368857
0.609937 0.778528 -3.112452 30.608274
0.617411 0.747403 -3.192552 30.854640
0.624566 0.715478 -3.263148 31.108730
0.631395 0.682846 -3.323808 31.371381
0.637891 0.649608 -3.374100 31.643492
0.644049 0.615867 -3.413592 31.926034
0.649867 0.581731 -3.441852 32.220044
0.655340 0.547313 -3.458448 32.526635
0.660467 0.512728 -3.462948 32.846994
0.665248 0.478099 -3.454920 33.182388
0.669683 0.443549 -3.433932 33.534166
0.673776 0.409210 -3.399552 33.903761
0.677528 0.375215 -3.351348 34.292691
0.680945 0.341701 -3.288888 34.702567
0.684033 0.308812 -3.211740 35.135092
0.686800 0.276695 -3.119472 35.592064
0.689255 0.245500 -3.011652 36.075380
0.691409 0.215384 -2.887848 36.587037
0.693274 0.186505 -2.747628 37.129139
0.694864 0.159029 -2.590560 37.703893
0.696195 0.133123 -2.416212 38.313619
0.697285 0.108961 -2.224152 38.960749
0.698152 0.086720 -2.013948 39.647827
0.698818 0.066580 -1.785168 40.377521
0.699305 0.048728 -1.537380 41.152614
0.699639 0.033355 -1.270152 41.976016
0.699845 0.020653 -0.983052 42.850764
0.699953 0.010823 -0.675648 43.780024
0.699994 0.004066 -0.347508 44.767091
0.700000 0.000591 0.000000 45.810000
