1010 101 10 100
L_KFE_des_th L_KFE_des_thd L_KFE_des_thdd L_KFE_uff L_KFE_vff L_HFE_des_th L_HFE_des_thd L_HFE_des_thdd L_HFE_uff L_HFE_vff
0.300000 0.001379 0.000000 -10.304070 81.127807 1.000000 0.000000 0.000000 50.000000 0.000000
0.300014 0.001379 0.810852 -9.492792 76.859119 1.000000 0.000000 0.000000 50.000000 0.000000
0.300109 0.009488 1.576512 -8.724201 72.507781 1.000000 0.000000 0.000000 50.000000 0.000000
0.300361 0.025253 2.293788 -7.999123 68.478844 1.000000 0.000000 0.000000 50.000000 0.000000
0.300843 0.048191 2.963688 -7.314335 64.757673 1.000000 0.000000 0.000000 50.000000 0.000000
0.301621 0.077827 3.587220 -6.666758 61.329942 1.000000 0.000000 0.000000 50.000000 0.000000
0.302758 0.113700 4.165392 -6.053459 58.181636 1.000000 0.000000 0.000000 50.000000 0.000000
0.304312 0.155354 4.699212 -5.471642 55.299053 1.000000 0.000000 0.000000 50.000000 0.000000
0.306335 0.202346 5.189688 -4.918652 52.668803 1.000000 0.000000 0.000000 50.000000 0.000000
0.308878 0.254243 5.637828 -4.391964 50.277805 1.000000 0.000000 0.000000 50.000000 0.000000
0.311984 0.310621 6.044640 -3.889186 48.113291 1.000000 0.000000 0.000000 50.000000 0.000000
0.315695 0.371067 6.411132 -3.408053 46.162805 1.000000 0.000000 0.000000 50.000000 0.000000
0.320046 0.435179 6.738312 -2.946425 44.414200 1.000000 0.000000 0.000000 50.000000 0.000000
0.325072 0.502562 7.027188 -2.502283 42.855644 1.000000 0.000000 0.000000 50.000000 0.000000
0.330800 0.572834 7.278768 -2.073726 41.475613 1.000000 0.000000 0.000000 50.000000 0.000000
0.337257 0.645621 7.494060 -1.658970 40.262896 1.000000 0.000000 0.000000 50.000000 0.000000
0.344462 0.720562 7.674072 -1.256341 39.206594 1.000000 0.000000 0.000000 50.000000 0.000000
0.352435 0.797303 7.819812 -0.864275 38.296118 1.000000 0.000000 0.000000 50.000000 0.000000
0.361190 0.875501 7.932288 -0.481314 37.521191 1.000000 0.000000 0.000000 50.000000 0.000000
0.370739 0.954824 8.012508 -0.106102 36.871849 1.000000 0.000000 0.000000 50.000000 0.000000
0.381088 1.034949 8.061480 0.262616 36.338436 1.000000 0.000000 0.000000 50.000000 0.000000
0.392244 1.115563 8.080212 0.626001 35.911610 1.000000 0.000000 0.000000 50.000000 0.000000
0.404207 1.196366 8.069712 0.985117 35.582341 1.000000 0.000000 0.000000 50.000000 0.000000
0.416978 1.277063 8.030988 1.340940 35.341908 1.000000 0.000000 0.000000 50.000000 0.000000
0.430552 1.357373 7.965048 1.694359 35.181902 1.000000 0.000000 0.000000 50.000000 0.000000
0.444922 1.437023 7.872900 2.046178 35.094228 1.000000 0.000000 0.000000 50.000000 0.000000
0.460079 1.515752 7.755552 2.397121 35.071099 1.000000 0.000000 0.000000 50.000000 0.000000
0.476012 1.593308 7.614012 2.747832 35.105041 1.000000 0.000000 0.000000 50.000000 0.000000
0.492707 1.669448 7.449288 3.098882 35.188892 1.000000 0.000000 0.000000 50.000000 0.000000
0.510146 1.743941 7.262388 3.450771 35.315800 1.000000 0.000000 0.000000 50.000000 0.000000
0.528312 1.816564 7.054320 3.803929 35.479226 1.000000 0.000000 0.000000 50.000000 0.000000
0.547183 1.887108 6.826092 4.158721 35.672941 1.000000 0.000000 0.000000 50.000000 0.000000
0.566737 1.955369 6.578712 4.515451 35.891029 1.000000 0.000000 0.000000 50.000000 0.000000
0.586948 2.021156 6.313188 4.874361 36.127883 1.000000 0.000000 0.000000 50.000000 0.000000
0.607791 2.084288 6.030528 5.235640 36.378209 1.000000 0.000000 0.000000 50.000000 0.000000
0.629237 2.144593 5.731740 5.599422 36.637025 1.000000 0.000000 0.000000 50.000000 0.000000
0.651256 2.201910 5.417832 5.965792 36.899660 1.000000 0.000000 0.000000 50.000000 0.000000
0.673817 2.256089 5.089812 6.334789 37.161752 1.000000 0.000000 0.000000 50.000000 0.000000
0.696887 2.306987 4.748688 6.706406 37.419255 1.000000 0.000000 0.000000 50.000000 0.000000
0.720432 2.354474 4.395468 7.080599 37.668431 1.000000 0.000000 0.000000 50.000000 0.000000
0.744416 2.398428 4.031160 7.457283 37.905855 1.000000 0.000000 0.000000 50.000000 0.000000
0.768803 2.438740 3.656772 7.836342 38.128411 1.000000 0.000000 0.000000 50.000000 0.000000
0.793556 2.475308 3.273312 8.217626 38.333298 1.000000 0.000000 0.000000 50.000000 0.000000
0.818637 2.508041 2.881788 8.600959 38.518024 1.000000 0.000000 0.000000 50.000000 0.000000
0.844005 2.536859 2.483208 8.986139 38.680409 1.000000 0.000000 0.000000 50.000000 0.000000
0.869622 2.561691 2.078580 9.372943 38.818584 1.000000 0.000000 0.000000 50.000000 0.000000
0.895447 2.582476 1.668912 9.761129 38.930993 1.000000 0.000000 0.000000 50.000000 0.000000
0.921439 2.599166 1.255212 10.150439 39.016390 1.000000 0.000000 0.000000 50.000000 0.000000
0.947556 2.611718 0.838488 10.540603 39.073840 1.000000 0.000000 0.000000 50.000000 0.000000
0.973757 2.620103 0.419748 10.931341 39.102721 1.000000 0.000000 0.000000 50.000000 0.000000
1.000000 2.624300 0.000000 11.322368 39.102721 1.000000 0.000000 0.000000 50.000000 0.000000
1.026243 2.624300 -0.419748 11.713396 39.073840 1.000000 0.000000 0.000000 50.000000 0.000000
1.052444 2.620103 -0.838488 12.104134 39.016390 1.000000 0.000000 0.000000 50.000000 0.000000
1.078561 2.611718 -1.255212 12.494298 38.930993 1.000000 0.000000 0.000000 50.000000 0.000000
1.104553 2.599166 -1.668912 12.883608 38.818584 1.000000 0.000000 0.000000 50.000000 0.000000
1.130378 2.582476 -2.078580 13.271794 38.680409 1.000000 0.000000 0.000000 50.000000 0.000000
1.155995 2.561691 -2.483208 13.658598 38.518024 1.000000 0.000000 0.000000 50.000000 0.000000
1.181363 2.536859 -2.881788 14.043778 38.333298 1.000000 0.000000 0.000000 50.000000 0.000000
1.206444 2.508041 -3.273312 14.427111 38.128411 1.000000 0.000000 0.000000 50.000000 0.000000
1.231197 2.475308 -3.656772 14.808395 37.905855 1.000000 0.000000 0.000000 50.000000 0.000000
1.255584 2.438740 -4.031160 15.187454 37.668431 1.000000 0.000000 0.000000 50.000000 0.000000
1.279568 2.398428 -4.395468 15.564138 37.419255 1.000000 0.000000 0.000000 50.000000 0.000000
1.303113 2.354474 -4.748688 15.938331 37.161752 1.000000 0.000000 0.000000 50.000000 0.000000
1.326183 2.306987 -5.089812 16.309948 36.899660 1.000000 0.000000 0.000000 50.000000 0.000000
1.348744 2.256089 -5.417832 16.678945 36.637025 1.000000 0.000000 0.000000 50.000000 0.000000
1.370763 2.201910 -5.731740 17.045315 36.378209 1.000000 0.000000 0.000000 50.000000 0.000000
1.392209 2.144593 -6.030528 17.409097 36.127883 1.000000 0.000000 0.000000 50.000000 0.000000
1.413052 2.084288 -6.313188 17.770376 35.891029 1.000000 0.000000 0.000000 50.000000 0.000000
1.433263 2.021156 -6.578712 18.129286 35.672941 1.000000 0.000000 0.000000 50.000000 0.000000
1.452817 1.955369 -6.826092 18.486016 35.479226 1.000000 0.000000 0.000000 50.000000 0.000000
1.471688 1.887108 -7.054320 18.840808 35.315800 1.000000 0.000000 0.000000 50.000000 0.000000
1.489854 1.816564 -7.262388 19.193966 35.188892 1.000000 0.000000 0.000000 50.000000 0.000000
1.507293 1.743941 -7.449288 19.545855 35.105041 1.000000 0.000000 0.000000 50.000000 0.000000
1.523988 1.669448 -7.614012 19.896905 35.071099 1.000000 0.000000 0.000000 50.000000 0.000000
1.539921 1.593308 -7.755552 20.247616 35.094228 1.000000 0.000000 0.000000 50.000000 0.000000
1.555078 1.515752 -7.872900 20.598558 35.181902 1.000000 0.000000 0.000000 50.000000 0.000000
1.569448 1.437023 -7.965048 20.950377 35.341908 1.000000 0.000000 0.000000 50.000000 0.000000
1.583022 1.357373 -8.030988 21.303796 35.582341 1.000000 0.000000 0.000000 50.000000 0.000000
1.595793 1.277063 -8.069712 21.659620 35.911610 1.000000 0.000000 0.000000 50.000000 0.000000
1.607756 1.196366 -8.080212 22.018736 36.338436 1.000000 0.000000 0.000000 50.000000 0.000000
1.618912 1.115563 -8.061480 22.382120 36.871849 1.000000 0.000000 0.000000 50.000000 0.000000
1.629261 1.034949 -8.012508 22.750839 37.521191 1.000000 0.000000 0.000000 50.000000 0.000000
1.638810 0.954824 -7.932288 23.126051 38.296118 1.000000 0.000000 0.000000 50.000000 0.000000
1.647565 0.875501 -7.819812 23.509012 39.206594 1.000000 0.000000 0.000000 50.000000 0.000000
1.655538 0.797303 -7.674072 23.901078 40.262896 1.000000 0.000000 0.000000 50.000000 0.000000
1.662743 0.720562 -7.494060 24.303707 41.475613 1.000000 0.000000 0.000000 50.000000 0.000000
1.669200 0.645621 -7.278768 24.718463 42.855644 1.000000 0.000000 0.000000 50.000000 0.000000
1.674928 0.572834 -7.027188 25.147019 44.414200 1.000000 0.000000 0.000000 50.000000 0.000000
1.679954 0.502562 -6.738312 25.591161 46.162805 1.000000 0.000000 0.000000 50.000000 0.000000
1.684305 0.435179 -6.411132 26.052789 48.113291 1.000000 0.000000 0.000000 50.000000 0.000000
1.688016 0.371067 -6.044640 26.533922 50.277805 1.000000 0.000000 0.000000 50.000000 0.000000
1.691122 0.310621 -5.637828 27.036700 52.668803 1.000000 0.000000 0.000000 50.000000 0.000000
1.693665 0.254243 -5.189688 27.563388 55.299053 1.000000 0.000000 0.000000 50.000000 0.000000
1.695688 0.202346 -4.699212 28.116379 58.181636 1.000000 0.000000 0.000000 50.000000 0.000000
1.697242 0.155354 -4.165392 28.698195 61.329942 1.000000 0.000000 0.000000 50.000000 0.000000
1.698379 0.113700 -3.587220 29.311495 64.757673 1.000000 0.000000 0.000000 50.000000 0.000000
1.699157 0.077827 -2.963688 29.959072 68.478844 1.000000 0.000000 0.000000 50.000000 0.000000
1.699639 0.048191 -2.293788 30.643860 72.507781 1.000000 0.000000 0.000000 50.000000 0.000000
1.699891 0.025253 -1.576512 31.368938 76.859119 1.000000 0.000000 0.000000 50.000000 0.000000
1.699986 0.009488 -0.810852 32.137529 81.127807 1.000000 0.000000 0.000000 50.000000 0.000000
1.700000 0.001379 0.000000 32.948807 81.127807 1.000000 0.000000 0.000000 50.000000 0.000000
