2004 501 4 100
R_HFE_des_th R_HFE_des_thd R_HFE_des_thdd R_HFE_uff
-0.500000 0.000015 0.000000 0.000000
-0.500000 0.000015 0.009056 0.000000
-0.499999 0.000106 0.018013 0.000000
-0.499996 0.000286 0.026860 0.000000
-0.499990 0.000554 0.035600 0.000000
-0.499981 0.000910 0.044232 0.000000
-0.499968 0.001353 0.052757 0.000000
-0.499949 0.001880 0.061175 0.000000
-0.499924 0.002492 0.069486 0.000000
-0.499892 0.003187 0.077692 0.000000
-0.499853 0.003964 0.085792 0.000000
-0.499804 0.004822 0.093787 0.000000
-0.499747 0.005760 0.101678 0.000000
-0.499679 0.006776 0.109464 0.000000
-0.499600 0.007871 0.117146 0.000000
-0.499510 0.009043 0.124726 0.000000
-0.499407 0.010290 0.132202 0.000000
-0.499291 0.011612 0.139576 0.000000
-0.499161 0.013008 0.146848 0.000000
-0.499016 0.014476 0.154018 0.000000
-0.498856 0.016016 0.161087 0.000000
-0.498680 0.017627 0.168056 0.000000
-0.498486 0.019308 0.174924 0.000000
-0.498276 0.021057 0.181693 0.000000
-0.498047 0.022874 0.188362 0.000000
-0.497800 0.024757 0.194932 0.000000
-0.497532 0.026707 0.201403 0.000000
-0.497245 0.028721 0.207777 0.000000
-0.496937 0.030799 0.214053 0.000000
-0.496608 0.032939 0.220232 0.000000
-0.496256 0.035141 0.226314 0.000000
-0.495882 0.037405 0.232300 0.000000
-0.495485 0.039728 0.238190 0.000000
-0.495064 0.042109 0.243984 0.000000
-0.494619 0.044549 0.249683 0.000000
-0.494148 0.047046 0.255288 0.000000
-0.493652 0.049599 0.260799 0.000000
-0.493130 0.052207 0.266216 0.000000
-0.492581 0.054869 0.271540 0.000000
-0.492006 0.057585 0.276771 0.000000
-0.491402 0.060352 0.281910 0.000000
-0.490770 0.063171 0.286957 0.000000
-0.490110 0.066041 0.291912 0.000000
-0.489420 0.068960 0.296776 0.000000
-0.488701 0.071928 0.301550 0.000000
-0.487952 0.074943 0.306233 0.000000
-0.487172 0.078006 0.310827 0.000000
-0.486360 0.081114 0.315331 0.000000
-0.485518 0.084267 0.319747 0.000000
-0.484643 0.087465 0.324074 0.000000
-0.483736 0.090705 0.328313 0.000000
-0.482796 0.093989 0.332464 0.000000
-0.481823 0.097313 0.336529 0.000000
-0.480816 0.100678 0.340506 0.000000
-0.479775 0.104084 0.344398 0.000000
-0.478700 0.107528 0.348204 0.000000
-0.477590 0.111010 0.351924 0.000000
-0.476445 0.114529 0.355559 0.000000
-0.475264 0.118084 0.359110 0.000000
-0.474047 0.121675 0.362577 0.000000
-0.472794 0.125301 0.365960 0.000000
-0.471504 0.128961 0.369261 0.000000
-0.470178 0.132653 0.372478 0.000000
-0.468814 0.136378 0.375613 0.000000
-0.467413 0.140134 0.378666 0.000000
-0.465974 0.143921 0.381638 0.000000
-0.464496 0.147737 0.384529 0.000000
-0.462980 0.151583 0.387339 0.000000
-0.461426 0.155456 0.390069 0.000000
-0.459832 0.159357 0.392719 0.000000
-0.458199 0.163284 0.395291 0.000000
-0.456527 0.167237 0.397783 0.000000
-0.454815 0.171215 0.400197 0.000000
-0.453063 0.175217 0.402533 0.000000
-0.451270 0.179242 0.404792 0.000000
-0.449437 0.183290 0.406974 0.000000
-0.447564 0.187360 0.409079 0.000000
-0.445649 0.191450 0.411107 0.000000
-0.443694 0.195562 0.413061 0.000000
-0.441697 0.199692 0.414938 0.000000
-0.439658 0.203842 0.416741 0.000000
-0.437578 0.208009 0.418470 0.000000
-0.435456 0.212194 0.420124 0.000000
-0.433292 0.216395 0.421705 0.000000
-0.431086 0.220612 0.423213 0.000000
-0.428838 0.224844 0.424649 0.000000
-0.426547 0.229091 0.426012 0.000000
-0.424213 0.233351 0.427303 0.000000
-0.421837 0.237624 0.428523 0.000000
-0.419418 0.241909 0.429672 0.000000
-0.416956 0.246206 0.430750 0.000000
-0.414451 0.250513 0.431758 0.000000
-0.411903 0.254831 0.432697 0.000000
-0.409311 0.259158 0.433567 0.000000
-0.406676 0.263493 0.434368 0.000000
-0.403998 0.267837 0.435100 0.000000
-0.401276 0.272188 0.435765 0.000000
-0.398510 0.276546 0.436363 0.000000
-0.395701 0.280909 0.436893 0.000000
-0.392849 0.285278 0.437357 0.000000
-0.389952 0.289652 0.437755 0.000000
-0.387012 0.294029 0.438087 0.000000
-0.384028 0.298410 0.438353 0.000000
-0.381000 0.302794 0.438556 0.000000
-0.377928 0.307179 0.438693 0.000000
-0.374812 0.311566 0.438767 0.000000
-0.371653 0.315954 0.438777 0.000000
-0.368449 0.320342 0.438725 0.000000
-0.365202 0.324729 0.438609 0.000000
-0.361911 0.329115 0.438432 0.000000
-0.358576 0.333499 0.438193 0.000000
-0.355197 0.337881 0.437892 0.000000
-0.351774 0.342260 0.437531 0.000000
-0.348308 0.346636 0.437109 0.000000
-0.344798 0.351007 0.436627 0.000000
-0.341244 0.355373 0.436086 0.000000
-0.337647 0.359734 0.435486 0.000000
-0.334006 0.364089 0.434827 0.000000
-0.330322 0.368437 0.434110 0.000000
-0.326594 0.372778 0.433335 0.000000
-0.322823 0.377111 0.432502 0.000000
-0.319008 0.381436 0.431613 0.000000
-0.315151 0.385752 0.430667 0.000000
-0.311250 0.390059 0.429665 0.000000
-0.307307 0.394356 0.428608 0.000000
-0.303320 0.398642 0.427495 0.000000
-0.299291 0.402917 0.426328 0.000000
-0.295219 0.407180 0.425107 0.000000
-0.291105 0.411431 0.423831 0.000000
-0.286948 0.415669 0.422502 0.000000
-0.282749 0.419895 0.421121 0.000000
-0.278508 0.424106 0.419686 0.000000
-0.274225 0.428303 0.418200 0.000000
-0.269900 0.432485 0.416662 0.000000
-0.265534 0.436651 0.415073 0.000000
-0.261126 0.440802 0.413433 0.000000
-0.256677 0.444936 0.411742 0.000000
-0.252186 0.449054 0.410002 0.000000
-0.247654 0.453154 0.408212 0.000000
-0.243082 0.457236 0.406374 0.000000
-0.238469 0.461300 0.404486 0.000000
-0.233816 0.465344 0.402551 0.000000
-0.229122 0.469370 0.400567 0.000000
-0.224388 0.473376 0.398537 0.000000
-0.219615 0.477361 0.396460 0.000000
-0.214801 0.481326 0.394336 0.000000
-0.209949 0.485269 0.392166 0.000000
-0.205057 0.489191 0.389951 0.000000
-0.200126 0.493090 0.387691 0.000000
-0.195156 0.496967 0.385386 0.000000
-0.190148 0.500821 0.383036 0.000000
-0.185101 0.504651 0.380643 0.000000
-0.180017 0.508458 0.378207 0.000000
-0.174895 0.512240 0.375728 0.000000
-0.169735 0.515997 0.373206 0.000000
-0.164537 0.519729 0.370642 0.000000
-0.159303 0.523435 0.368037 0.000000
-0.154032 0.527116 0.365391 0.000000
-0.148724 0.530770 0.362704 0.000000
-0.143380 0.534397 0.359976 0.000000
-0.138000 0.537997 0.357209 0.000000
-0.132584 0.541569 0.354402 0.000000
-0.127133 0.545113 0.351557 0.000000
-0.121647 0.548628 0.348672 0.000000
-0.116126 0.552115 0.345750 0.000000
-0.110570 0.555572 0.342790 0.000000
-0.104980 0.559000 0.339793 0.000000
-0.099356 0.562398 0.336759 0.000000
-0.093698 0.565766 0.333689 0.000000
-0.088007 0.569103 0.330583 0.000000
-0.082283 0.572409 0.327442 0.000000
-0.076527 0.575683 0.324265 0.000000
-0.070737 0.578926 0.321054 0.000000
-0.064916 0.582136 0.317809 0.000000
-0.059063 0.585314 0.314530 0.000000
-0.053178 0.588460 0.311217 0.000000
-0.047262 0.591572 0.307872 0.000000
-0.041316 0.594651 0.304495 0.000000
-0.035339 0.597695 0.301085 0.000000
-0.029332 0.600706 0.297644 0.000000
-0.023295 0.603683 0.294172 0.000000
-0.017229 0.606624 0.290669 0.000000
-0.011134 0.609531 0.287137 0.000000
-0.005010 0.612403 0.283574 0.000000
0.001143 0.615238 0.279982 0.000000
0.007323 0.618038 0.276361 0.000000
0.013531 0.620802 0.272712 0.000000
0.019767 0.623529 0.269034 0.000000
0.026029 0.626219 0.265329 0.000000
0.032317 0.628872 0.261597 0.000000
0.038632 0.631488 0.257838 0.000000
0.044973 0.634067 0.254053 0.000000
0.051339 0.636607 0.250243 0.000000
0.057730 0.639110 0.246406 0.000000
0.064146 0.641574 0.242545 0.000000
0.070586 0.643999 0.238659 0.000000
0.077050 0.646386 0.234749 0.000000
0.083537 0.648733 0.230816 0.000000
0.090048 0.651042 0.226859 0.000000
0.096581 0.653310 0.222880 0.000000
0.103136 0.655539 0.218878 0.000000
0.109713 0.657728 0.214855 0.000000
0.116312 0.659876 0.210809 0.000000
0.122932 0.661984 0.206743 0.000000
0.129572 0.664052 0.202657 0.000000
0.136233 0.666078 0.198550 0.000000
0.142914 0.668064 0.194423 0.000000
0.149614 0.670008 0.190278 0.000000
0.156333 0.671911 0.186113 0.000000
0.163071 0.673772 0.181930 0.000000
0.169827 0.675591 0.177729 0.000000
0.176600 0.677369 0.173511 0.000000
0.183391 0.679104 0.169275 0.000000
0.190199 0.680796 0.165023 0.000000
0.197024 0.682447 0.160755 0.000000
0.203864 0.684054 0.156471 0.000000
0.210721 0.685619 0.152171 0.000000
0.217592 0.687141 0.147857 0.000000
0.224478 0.688619 0.143528 0.000000
0.231379 0.690054 0.139185 0.000000
0.238293 0.691446 0.134829 0.000000
0.245221 0.692795 0.130460 0.000000
0.252162 0.694099 0.126077 0.000000
0.259116 0.695360 0.121683 0.000000
0.266081 0.696577 0.117277 0.000000
0.273059 0.697750 0.112859 0.000000
0.280048 0.698878 0.108431 0.000000
0.287047 0.699962 0.103991 0.000000
0.294057 0.701002 0.099542 0.000000
0.301077 0.701998 0.095084 0.000000
0.308107 0.702949 0.090616 0.000000
0.315145 0.703855 0.086139 0.000000
0.322193 0.704716 0.081654 0.000000
0.329248 0.705533 0.077161 0.000000
0.336311 0.706304 0.072661 0.000000
0.343381 0.707031 0.068153 0.000000
0.350458 0.707712 0.063639 0.000000
0.357542 0.708349 0.059119 0.000000
0.364631 0.708940 0.054593 0.000000
0.371726 0.709486 0.050062 0.000000
0.378826 0.709987 0.045527 0.000000
0.385930 0.710442 0.040986 0.000000
0.393039 0.710852 0.036442 0.000000
0.400151 0.711216 0.031895 0.000000
0.407266 0.711535 0.027344 0.000000
0.414384 0.711809 0.022791 0.000000
0.421505 0.712036 0.018235 0.000000
0.428627 0.712219 0.013678 0.000000
0.435751 0.712356 0.009119 0.000000
0.442875 0.712447 0.004560 0.000000
0.450000 0.712492 0.000000 0.000000
0.457125 0.712492 -0.004560 0.000000
0.464249 0.712447 -0.009119 0.000000
0.471373 0.712356 -0.013678 0.000000
0.478495 0.712219 -0.018235 0.000000
0.485616 0.712036 -0.022791 0.000000
0.492734 0.711809 -0.027344 0.000000
0.499849 0.711535 -0.031895 0.000000
0.506961 0.711216 -0.036442 0.000000
0.514070 0.710852 -0.040986 0.000000
0.521174 0.710442 -0.045527 0.000000
0.528274 0.709987 -0.050062 0.000000
0.535369 0.709486 -0.054593 0.000000
0.542458 0.708940 -0.059119 0.000000
0.549542 0.708349 -0.063639 0.000000
0.556619 0.707712 -0.068153 0.000000
0.563689 0.707031 -0.072661 0.000000
0.570752 0.706304 -0.077161 0.000000
0.577807 0.705533 -0.081654 0.000000
0.584855 0.704716 -0.086139 0.000000
0.591893 0.703855 -0.090616 0.000000
0.598923 0.702949 -0.095084 0.000000
0.605943 0.701998 -0.099542 0.000000
0.612953 0.701002 -0.103991 0.000000
0.619952 0.699962 -0.108431 0.000000
0.626941 0.698878 -0.112859 0.000000
0.633919 0.697750 -0.117277 0.000000
0.640884 0.696577 -0.121683 0.000000
0.647838 0.695360 -0.126077 0.000000
0.654779 0.694099 -0.130460 0.000000
0.661707 0.692795 -0.134829 0.000000
0.668621 0.691446 -0.139185 0.000000
0.675522 0.690054 -0.143528 0.000000
0.682408 0.688619 -0.147857 0.000000
0.689279 0.687141 -0.152171 0.000000
0.696136 0.685619 -0.156471 0.000000
0.702976 0.684054 -0.160755 0.000000
0.709801 0.682447 -0.165023 0.000000
0.716609 0.680796 -0.169275 0.000000
0.723400 0.679104 -0.173511 0.000000
0.730173 0.677369 -0.177729 0.000000
0.736929 0.675591 -0.181930 0.000000
0.743667 0.673772 -0.186113 0.000000
0.750386 0.671911 -0.190278 0.000000
0.757086 0.670008 -0.194423 0.000000
0.763767 0.668064 -0.198550 0.000000
0.770428 0.666078 -0.202657 0.000000
0.777068 0.664052 -0.206743 0.000000
0.783688 0.661984 -0.210809 0.000000
0.790287 0.659876 -0.214855 0.000000
0.796864 0.657728 -0.218878 0.000000
0.803419 0.655539 -0.222880 0.000000
0.809952 0.653310 -0.226859 0.000000
0.816463 0.651042 -0.230816 0.000000
0.822950 0.648733 -0.234749 0.000000
0.829414 0.646386 -0.238659 0.000000
0.835854 0.643999 -0.242545 0.000000
0.842270 0.641574 -0.246406 0.000000
0.848661 0.639110 -0.250243 0.000000
0.855027 0.636607 -0.254053 0.000000
0.861368 0.634067 -0.257838 0.000000
0.867683 0.631488 -0.261597 0.000000
0.873971 0.628872 -0.265329 0.000000
0.880233 0.626219 -0.269034 0.000000
0.886469 0.623529 -0.272712 0.000000
0.892677 0.620802 -0.276361 0.000000
0.898857 0.618038 -0.279982 0.000000
0.905010 0.615238 -0.283574 0.000000
0.911134 0.612403 -0.287137 0.000000
0.917229 0.609531 -0.290669 0.000000
0.923295 0.606624 -0.294172 0.000000
0.929332 0.603683 -0.297644 0.000000
0.935339 0.600706 -0.301085 0.000000
0.941316 0.597695 -0.304495 0.000000
0.947262 0.594651 -0.307872 0.000000
0.953178 0.591572 -0.311217 0.000000
0.959063 0.588460 -0.314530 0.000000
0.964916 0.585314 -0.317809 0.000000
0.970737 0.582136 -0.321054 0.000000
0.976527 0.578926 -0.324265 0.000000
0.982283 0.575683 -0.327442 0.000000
0.988007 0.572409 -0.330583 0.000000
0.993698 0.569103 -0.333689 0.000000
0.999356 0.565766 -0.336759 0.000000
1.004980 0.562398 -0.339793 0.000000
1.010570 0.559000 -0.342790 0.000000
1.016126 0.555572 -0.345750 0.000000
1.021647 0.552115 -0.348672 0.000000
1.027133 0.548628 -0.351557 0.000000
1.032584 0.545113 -0.354402 0.000000
1.038000 0.541569 -0.357209 0.000000
1.043380 0.537997 -0.359976 0.000000
1.048724 0.534397 -0.362704 0.000000
1.054032 0.530770 -0.365391 0.000000
1.059303 0.527116 -0.368037 0.000000
1.064537 0.523435 -0.370642 0.000000
1.069735 0.519729 -0.373206 0.000000
1.074895 0.515997 -0.375728 0.000000
1.080017 0.512240 -0.378207 0.000000
1.085101 0.508458 -0.380643 0.000000
1.090148 0.504651 -0.383036 0.000000
1.095156 0.500821 -0.385386 0.000000
1.100126 0.496967 -0.387691 0.000000
1.105057 0.493090 -0.389951 0.000000
1.109949 0.489191 -0.392166 0.000000
1.114801 0.485269 -0.394336 0.000000
1.119615 0.481326 -0.396460 0.000000
1.124388 0.477361 -0.398537 0.000000
1.129122 0.473376 -0.400567 0.000000
1.133816 0.469370 -0.402551 0.000000
1.138469 0.465344 -0.404486 0.000000
1.143082 0.461300 -0.406374 0.000000
1.147654 0.457236 -0.408212 0.000000
1.152186 0.453154 -0.410002 0.000000
1.156677 0.449054 -0.411742 0.000000
1.161126 0.444936 -0.413433 0.000000
1.165534 0.440802 -0.415073 0.000000
1.169900 0.436651 -0.416662 0.000000
1.174225 0.432485 -0.418200 0.000000
1.178508 0.428303 -0.419686 0.000000
1.182749 0.424106 -0.421121 0.000000
1.186948 0.419895 -0.422502 0.000000
1.191105 0.415669 -0.423831 0.000000
1.195219 0.411431 -0.425107 0.000000
1.199291 0.407180 -0.426328 0.000000
1.203320 0.402917 -0.427495 0.000000
1.207307 0.398642 -0.428608 0.000000
1.211250 0.394356 -0.429665 0.000000
1.215151 0.390059 -0.430667 0.000000
1.219008 0.385752 -0.431613 0.000000
1.222823 0.381436 -0.432502 0.000000
1.226594 0.377111 -0.433335 0.000000
1.230322 0.372778 -0.434110 0.000000
1.234006 0.368437 -0.434827 0.000000
1.237647 0.364089 -0.435486 0.000000
1.241244 0.359734 -0.436086 0.000000
1.244798 0.355373 -0.436627 0.000000
1.248308 0.351007 -0.437109 0.000000
1.251774 0.346636 -0.437531 0.000000
1.255197 0.342260 -0.437892 0.000000
1.258576 0.337881 -0.438193 0.000000
1.261911 0.333499 -0.438432 0.000000
1.265202 0.329115 -0.438609 0.000000
1.268449 0.324729 -0.438725 0.000000
1.271653 0.320342 -0.438777 0.000000
1.274812 0.315954 -0.438767 0.000000
1.277928 0.311566 -0.438693 0.000000
1.281000 0.307179 -0.438556 0.000000
1.284028 0.302794 -0.438353 0.000000
1.287012 0.298410 -0.438087 0.000000
1.289952 0.294029 -0.437755 0.000000
1.292849 0.289652 -0.437357 0.000000
1.295701 0.285278 -0.436893 0.000000
1.298510 0.280909 -0.436363 0.000000
1.301276 0.276546 -0.435765 0.000000
1.303998 0.272188 -0.435100 0.000000
1.306676 0.267837 -0.434368 0.000000
1.309311 0.263493 -0.433567 0.000000
1.311903 0.259158 -0.432697 0.000000
1.314451 0.254831 -0.431758 0.000000
1.316956 0.250513 -0.430750 0.000000
1.319418 0.246206 -0.429672 0.000000
1.321837 0.241909 -0.428523 0.000000
1.324213 0.237624 -0.427303 0.000000
1.326547 0.233351 -0.426012 0.000000
1.328838 0.229091 -0.424649 0.000000
1.331086 0.224844 -0.423213 0.000000
1.333292 0.220612 -0.421705 0.000000
1.335456 0.216395 -0.420124 0.000000
1.337578 0.212194 -0.418470 0.000000
1.339658 0.208009 -0.416741 0.000000
1.341697 0.203842 -0.414938 0.000000
1.343694 0.199692 -0.413061 0.000000
1.345649 0.195562 -0.411107 0.000000
1.347564 0.191450 -0.409079 0.000000
1.349437 0.187360 -0.406974 0.000000
1.351270 0.183290 -0.404792 0.000000
1.353063 0.179242 -0.402533 0.000000
1.354815 0.175217 -0.400197 0.000000
1.356527 0.171215 -0.397783 0.000000
1.358199 0.167237 -0.395291 0.000000
1.359832 0.163284 -0.392719 0.000000
1.361426 0.159357 -0.390069 0.000000
1.362980 0.155456 -0.387339 0.000000
1.364496 0.151583 -0.384529 0.000000
1.365974 0.147737 -0.381638 0.000000
1.367413 0.143921 -0.378666 0.000000
1.368814 0.140134 -0.375613 0.000000
1.370178 0.136378 -0.372478 0.000000
1.371504 0.132653 -0.369261 0.000000
1.372794 0.128961 -0.365960 0.000000
1.374047 0.125301 -0.362577 0.000000
1.375264 0.121675 -0.359110 0.000000
1.376445 0.118084 -0.355559 0.000000
1.377590 0.114529 -0.351924 0.000000
1.378700 0.111010 -0.348204 0.000000
1.379775 0.107528 -0.344398 0.000000
1.380816 0.104084 -0.340506 0.000000
1.381823 0.100678 -0.336529 0.000000
1.382796 0.097313 -0.332464 0.000000
1.383736 0.093989 -0.328313 0.000000
1.384643 0.090705 -0.324074 0.000000
1.385518 0.087465 -0.319747 0.000000
1.386360 0.084267 -0.315331 0.000000
1.387172 0.081114 -0.310827 0.000000
1.387952 0.078006 -0.306233 0.000000
1.388701 0.074943 -0.301550 0.000000
1.389420 0.071928 -0.296776 0.000000
1.390110 0.068960 -0.291912 0.000000
1.390770 0.066041 -0.286957 0.000000
1.391402 0.063171 -0.281910 0.000000
1.392006 0.060352 -0.276771 0.000000
1.392581 0.057585 -0.271540 0.000000
1.393130 0.054869 -0.266216 0.000000
1.393652 0.052207 -0.260799 0.000000
1.394148 0.049599 -0.255288 0.000000
1.394619 0.047046 -0.249683 0.000000
1.395064 0.044549 -0.243984 0.000000
1.395485 0.042109 -0.238190 0.000000
1.395882 0.039728 -0.232300 0.000000
1.396256 0.037405 -0.226314 0.000000
1.396608 0.035141 -0.220232 0.000000
1.396937 0.032939 -0.214053 0.000000
1.397245 0.030799 -0.207777 0.000000
1.397532 0.028721 -0.201403 0.000000
1.397800 0.026707 -0.194932 0.000000
1.398047 0.024757 -0.188362 0.000000
1.398276 0.022874 -0.181693 0.000000
1.398486 0.021057 -0.174924 0.000000
1.398680 0.019308 -0.168056 0.000000
1.398856 0.017627 -0.161087 0.000000
1.399016 0.016016 -0.154018 0.000000
1.399161 0.014476 -0.146848 0.000000
1.399291 0.013008 -0.139576 0.000000
1.399407 0.011612 -0.132202 0.000000
1.399510 0.010290 -0.124726 0.000000
1.399600 0.009043 -0.117146 0.000000
1.399679 0.007871 -0.109464 0.000000
1.399747 0.006776 -0.101678 0.000000
1.399804 0.005760 -0.093787 0.000000
1.399853 0.004822 -0.085792 0.000000
1.399892 0.003964 -0.077692 0.000000
1.399924 0.003187 -0.069486 0.000000
1.399949 0.002492 -0.061175 0.000000
1.399968 0.001880 -0.052757 0.000000
1.399981 0.001353 -0.044232 0.000000
1.399990 0.000910 -0.035600 0.000000
1.399996 0.000554 -0.026860 0.000000
1.399999 0.000286 -0.018013 0.000000
1.400000 0.000106 -0.009056 0.000000
1.400000 0.000015 0.000000 0.000000
