404 101 4 100
L_HFR_des_th r L_HFR_des_thd rr L_HFR_des_thdd r2 L_HFR_uff r
0.400000 -0.000788 0.000000 0.000000
0.399992 -0.000788 -0.463344 0.000000
0.399938 -0.005421 -0.900864 0.000000
0.399794 -0.014430 -1.310736 0.000000
0.399518 -0.027537 -1.693536 0.000000
0.399074 -0.044473 -2.049840 0.000000
0.398424 -0.064971 -2.380224 0.000000
0.397536 -0.088773 -2.685264 0.000000
0.396380 -0.115626 -2.965536 0.000000
0.394927 -0.145281 -3.221616 0.000000
0.393152 -0.177498 -3.454080 0.000000
0.391032 -0.212038 -3.663504 0.000000
0.388545 -0.248673 -3.850464 0.000000
0.385673 -0.287178 -4.015536 0.000000
0.382400 -0.327333 -4.159296 0.000000
0.378711 -0.368926 -4.282320 0.000000
0.374593 -0.411750 -4.385184 0.000000
0.370037 -0.455601 -4.468464 0.000000
0.365034 -0.500286 -4.532736 0.000000
0.359578 -0.545613 -4.578576 0.000000
0.353664 -0.591399 -4.606560 0.000000
0.347289 -0.637465 -4.617264 0.000000
0.340453 -0.683637 -4.611264 0.000000
0.333155 -0.729750 -4.589136 0.000000
0.325399 -0.775641 -4.551456 0.000000
0.317188 -0.821156 -4.498800 0.000000
0.308526 -0.866144 -4.431744 0.000000
0.299421 -0.910461 -4.350864 0.000000
0.289882 -0.953970 -4.256736 0.000000
0.279916 -0.996537 -4.149936 0.000000
0.269536 -1.038037 -4.031040 0.000000
0.258753 -1.078347 -3.900624 0.000000
0.247579 -1.117353 -3.759264 0.000000
0.236030 -1.154946 -3.607536 0.000000
0.224119 -1.191021 -3.446016 0.000000
0.211865 -1.225482 -3.275280 0.000000
0.199282 -1.258234 -3.095904 0.000000
0.186390 -1.289193 -2.908464 0.000000
0.173207 -1.318278 -2.713536 0.000000
0.159753 -1.345413 -2.511696 0.000000
0.146048 -1.370530 -2.303520 0.000000
0.132112 -1.393566 -2.089584 0.000000
0.117968 -1.414461 -1.870464 0.000000
0.103636 -1.433166 -1.646736 0.000000
0.089140 -1.449633 -1.418976 0.000000
0.074501 -1.463823 -1.187760 0.000000
0.059744 -1.475701 -0.953664 0.000000
0.044892 -1.485237 -0.717264 0.000000
0.029968 -1.492410 -0.479136 0.000000
0.014996 -1.497201 -0.239856 0.000000
0.000000 -1.499600 0.000000 0.000000
-0.014996 -1.499600 0.239856 0.000000
-0.029968 -1.497201 0.479136 0.000000
-0.044892 -1.492410 0.717264 0.000000
-0.059744 -1.485237 0.953664 0.000000
-0.074501 -1.475701 1.187760 0.000000
-0.089140 -1.463823 1.418976 0.000000
-0.103636 -1.449633 1.646736 0.000000
-0.117968 -1.433166 1.870464 0.000000
-0.132112 -1.414461 2.089584 0.000000
-0.146048 -1.393566 2.303520 0.000000
-0.159753 -1.370530 2.511696 0.000000
-0.173207 -1.345413 2.713536 0.000000
-0.186390 -1.318278 2.908464 0.000000
-0.199282 -1.289193 3.095904 0.000000
-0.211865 -1.258234 3.275280 0.000000
-0.224119 -1.225482 3.446016 0.000000
-0.236030 -1.191021 3.607536 0.000000
-0.247579 -1.154946 3.759264 0.000000
-0.258753 -1.117353 3.900624 0.000000
-0.269536 -1.078347 4.031040 0.000000
-0.279916 -1.038037 4.149936 0.000000
-0.289882 -0.996537 4.256736 0.000000
-0.299421 -0.953970 4.350864 0.000000
-0.308526 -0.910461 4.431744 0.000000
-0.317188 -0.866144 4.498800 0.000000
-0.325399 -0.821156 4.551456 0.000000
-0.333155 -0.775641 4.589136 0.000000
-0.340453 -0.729750 4.611264 0.000000
-0.347289 -0.683637 4.617264 0.000000
-0.353664 -0.637465 4.606560 0.000000
-0.359578 -0.591399 4.578576 0.000000
-0.365034 -0.545613 4.532736 0.000000
-0.370037 -0.500286 4.468464 0.000000
-0.374593 -0.455601 4.385184 0.000000
-0.378711 -0.411750 4.282320 0.000000
-0.382400 -0.368926 4.159296 0.000000
-0.385673 -0.327333 4.015536 0.000000
-0.388545 -0.287178 3.850464 0.000000
-0.391032 -0.248673 3.663504 0.000000
-0.393152 -0.212038 3.454080 0.000000
-0.394927 -0.177498 3.221616 0.000000
-0.396380 -0.145281 2.965536 0.000000
-0.397536 -0.115626 2.685264 0.000000
-0.398424 -0.088773 2.380224 0.000000
-0.399074 -0.064971 2.049840 0.000000
-0.399518 -0.044473 1.693536 0.000000
-0.399794 -0.027537 1.310736 0.000000
-0.399938 -0.014430 0.900864 0.000000
-0.399992 -0.005421 0.463344 0.000000
-0.400000 -0.000788 0.000000 0.000000
