404 101 4 100
R_AFE_des_th R_AFE_des_thd R_AFE_des_thdd R_AFE_uff
0.600000 -0.001084 0.000000 0.000000
0.599989 -0.001084 -0.637098 0.000000
0.599915 -0.007455 -1.238688 0.000000
0.599716 -0.019841 -1.802262 0.000000
0.599338 -0.037864 -2.328612 0.000000
0.598726 -0.061150 -2.818530 0.000000
0.597833 -0.089335 -3.272808 0.000000
0.596612 -0.122064 -3.692238 0.000000
0.595022 -0.158986 -4.077612 0.000000
0.593025 -0.199762 -4.429722 0.000000
0.590584 -0.244059 -4.749360 0.000000
0.587668 -0.291553 -5.037318 0.000000
0.584249 -0.341926 -5.294388 0.000000
0.580301 -0.394870 -5.521362 0.000000
0.575800 -0.450084 -5.719032 0.000000
0.570727 -0.507274 -5.888190 0.000000
0.565065 -0.566156 -6.029628 0.000000
0.558801 -0.626452 -6.144138 0.000000
0.551922 -0.687893 -6.232512 0.000000
0.544420 -0.750219 -6.295542 0.000000
0.536288 -0.813174 -6.334020 0.000000
0.527523 -0.876514 -6.348738 0.000000
0.518123 -0.940002 -6.340488 0.000000
0.508089 -1.003406 -6.310062 0.000000
0.497424 -1.066507 -6.258252 0.000000
0.486133 -1.129090 -6.185850 0.000000
0.474223 -1.190948 -6.093648 0.000000
0.461704 -1.251885 -5.982438 0.000000
0.448587 -1.311709 -5.853012 0.000000
0.434885 -1.370239 -5.706162 0.000000
0.420612 -1.427301 -5.542680 0.000000
0.405785 -1.482727 -5.363358 0.000000
0.390421 -1.536361 -5.168988 0.000000
0.374541 -1.588051 -4.960362 0.000000
0.358164 -1.637655 -4.738272 0.000000
0.341314 -1.685037 -4.503510 0.000000
0.324013 -1.730072 -4.256868 0.000000
0.306287 -1.772641 -3.999138 0.000000
0.288160 -1.812632 -3.731112 0.000000
0.269661 -1.849944 -3.453582 0.000000
0.250816 -1.884479 -3.167340 0.000000
0.231654 -1.916153 -2.873178 0.000000
0.212206 -1.944885 -2.571888 0.000000
0.192500 -1.970603 -2.264262 0.000000
0.172567 -1.993246 -1.951092 0.000000
0.152440 -2.012757 -1.633170 0.000000
0.132149 -2.029089 -1.311288 0.000000
0.111727 -2.042202 -0.986238 0.000000
0.091206 -2.052064 -0.658812 0.000000
0.070620 -2.058652 -0.329802 0.000000
0.050000 -2.061950 -0.000000 0.000000
0.029380 -2.061950 0.329802 0.000000
0.008794 -2.058652 0.658812 0.000000
-0.011727 -2.052064 0.986238 0.000000
-0.032149 -2.042202 1.311288 0.000000
-0.052440 -2.029089 1.633170 0.000000
-0.072567 -2.012757 1.951092 0.000000
-0.092500 -1.993246 2.264262 0.000000
-0.112206 -1.970603 2.571888 0.000000
-0.131654 -1.944885 2.873178 0.000000
-0.150816 -1.916153 3.167340 0.000000
-0.169661 -1.884479 3.453582 0.000000
-0.188160 -1.849944 3.731112 0.000000
-0.206287 -1.812632 3.999138 0.000000
-0.224013 -1.772641 4.256868 0.000000
-0.241314 -1.730072 4.503510 0.000000
-0.258164 -1.685037 4.738272 0.000000
-0.274541 -1.637655 4.960362 0.000000
-0.290421 -1.588051 5.168988 0.000000
-0.305785 -1.536361 5.363358 0.000000
-0.320612 -1.482727 5.542680 0.000000
-0.334885 -1.427301 5.706162 0.000000
-0.348587 -1.370239 5.853012 0.000000
-0.361704 -1.311709 5.982438 0.000000
-0.374223 -1.251885 6.093648 0.000000
-0.386133 -1.190948 6.185850 0.000000
-0.397424 -1.129090 6.258252 0.000000
-0.408089 -1.066507 6.310062 0.000000
-0.418123 -1.003406 6.340488 0.000000
-0.427523 -0.940002 6.348738 0.000000
-0.436288 -0.876514 6.334020 0.000000
-0.444420 -0.813174 6.295542 0.000000
-0.451922 -0.750219 6.232512 0.000000
-0.458801 -0.687893 6.144138 0.000000
-0.465065 -0.626452 6.029628 0.000000
-0.470727 -0.566156 5.888190 0.000000
-0.475800 -0.507274 5.719032 0.000000
-0.480301 -0.450084 5.521362 0.000000
-0.484249 -0.394870 5.294388 0.000000
-0.487668 -0.341926 5.037318 0.000000
-0.490584 -0.291553 4.749360 0.000000
-0.493025 -0.244059 4.429722 0.000000
-0.495022 -0.199762 4.077612 0.000000
-0.496612 -0.158986 3.692238 0.000000
-0.497833 -0.122064 3.272808 0.000000
-0.498726 -0.089335 2.818530 0.000000
-0.499338 -0.061150 2.328612 0.000000
-0.499716 -0.037864 1.802262 0.000000
-0.499915 -0.019841 1.238688 0.000000
-0.499989 -0.007455 0.637098 0.000000
-0.500000 -0.001084 0.000000 0.000000
