460 46 10 100
R_HFE_des_th R_HFE_des_thd R_HFE_des_thdd R_HFE_uff R_HFE_vff R_KFE_des_th R_KFE_des_thd R_KFE_des_thdd R_KFE_uff R_KFE_vff
0.000000 0.000000 0.000000 -34.645500 0.000000 1.000000 0.000000 0.000000 50.000000 0.000000
0.000008 0.003192 0.935698 -33.782397 0.000000 1.000000 0.000000 0.000000 50.000000 0.000000
0.000123 0.023831 3.408336 -31.497113 0.000000 1.000000 0.000000 0.000000 50.000000 0.000000
0.000587 0.074947 6.959329 -28.200743 0.000000 1.000000 0.000000 0.000000 50.000000 0.000000
0.001753 0.165262 11.185390 -24.248179 0.000000 1.000000 0.000000 0.000000 50.000000 0.000000
0.004040 0.299730 15.735833 -19.942542 0.000000 1.000000 0.000000 0.000000 50.000000 0.000000
0.007900 0.480052 20.309880 -15.539363 0.000000 1.000000 0.000000 0.000000 50.000000 0.000000
0.013790 0.705156 24.653959 -11.250521 0.000000 1.000000 0.000000 0.000000 50.000000 0.000000
0.022142 0.971663 28.559008 -7.247971 0.000000 1.000000 0.000000 0.000000 50.000000 0.000000
0.033344 1.274311 31.857778 -3.667276 0.000000 1.000000 0.000000 0.000000 50.000000 0.000000
0.047726 1.606366 34.422134 -0.610962 0.000000 1.000000 0.000000 0.000000 50.000000 0.000000
0.065543 1.959996 36.160359 1.848272 0.000000 1.000000 0.000000 0.000000 50.000000 0.000000
0.086969 2.326623 37.014455 3.664479 0.000000 1.000000 0.000000 0.000000 50.000000 0.000000
0.112089 2.697245 36.957446 4.815521 0.000000 1.000000 0.000000 0.000000 50.000000 0.000000
0.140897 3.062736 35.990682 5.300255 0.000000 1.000000 0.000000 0.000000 50.000000 0.000000
0.173297 3.414114 34.141137 5.135871 0.000000 1.000000 0.000000 0.000000 50.000000 0.000000
0.209104 3.742781 31.458717 4.355414 0.000000 1.000000 0.000000 0.000000 50.000000 0.000000
0.248050 4.040744 28.013559 3.005509 0.000000 1.000000 0.000000 0.000000 50.000000 0.000000
0.289792 4.300800 23.893333 1.144327 0.000000 1.000000 0.000000 0.000000 50.000000 0.000000
0.333919 4.516700 19.200548 -1.160198 0.000000 1.000000 0.000000 0.000000 50.000000 0.000000
0.379961 4.683284 14.049851 -3.831919 0.000000 1.000000 0.000000 0.000000 50.000000 0.000000
0.427407 4.796584 8.565328 -6.787813 0.000000 1.000000 0.000000 0.000000 50.000000 0.000000
0.475706 4.853913 2.877814 -9.939188 0.000000 1.000000 0.000000 0.000000 50.000000 0.000000
0.524294 4.853913 -2.877814 -13.192826 0.000000 1.000000 0.000000 0.000000 50.000000 0.000000
0.572593 4.796584 -8.565328 -16.452183 0.000000 1.000000 0.000000 0.000000 50.000000 0.000000
0.620039 4.683284 -14.049851 -19.618728 0.000000 1.000000 0.000000 0.000000 50.000000 0.000000
0.666081 4.516700 -19.200548 -22.593519 0.000000 1.000000 0.000000 0.000000 50.000000 0.000000
0.710208 4.300800 -23.893333 -25.279090 0.000000 1.000000 0.000000 0.000000 50.000000 0.000000
0.751950 4.040744 -28.013559 -27.581654 0.000000 1.000000 0.000000 0.000000 50.000000 0.000000
0.790896 3.742781 -31.458717 -29.413646 0.000000 1.000000 0.000000 0.000000 50.000000 0.000000
0.826703 3.414114 -34.141137 -30.696538 0.000000 1.000000 0.000000 0.000000 50.000000 0.000000
0.859103 3.062736 -35.990682 -31.363881 0.000000 1.000000 0.000000 0.000000 50.000000 0.000000
0.887911 2.697245 -36.957446 -31.364475 0.000000 1.000000 0.000000 0.000000 50.000000 0.000000
0.913031 2.326623 -37.014455 -30.665590 0.000000 1.000000 0.000000 0.000000 50.000000 0.000000
0.934457 1.959996 -36.160359 -29.256149 0.000000 1.000000 0.000000 0.000000 50.000000 0.000000
0.952274 1.606366 -34.422134 -27.149822 0.000000 1.000000 0.000000 0.000000 50.000000 0.000000
0.966656 1.274311 -31.857778 -24.387993 0.000000 1.000000 0.000000 0.000000 50.000000 0.000000
0.977858 0.971663 -28.559008 -21.042588 0.000000 1.000000 0.000000 0.000000 50.000000 0.000000
0.986210 0.705156 -24.653959 -17.218801 0.000000 1.000000 0.000000 0.000000 50.000000 0.000000
0.992100 0.480052 -20.309880 -13.057742 0.000000 1.000000 0.000000 0.000000 50.000000 0.000000
0.995960 0.299730 -15.735833 -8.739090 0.000000 1.000000 0.000000 0.000000 50.000000 0.000000
0.998247 0.165262 -11.185390 -4.483811 0.000000 1.000000 0.000000 0.000000 50.000000 0.000000
0.999413 0.074947 -6.959329 -0.556997 0.000000 1.000000 0.000000 0.000000 50.000000 0.000000
0.999877 0.023831 -3.408336 2.729104 0.000000 1.000000 0.000000 0.000000 50.000000 0.000000
0.999992 0.003192 -0.935698 5.011854 0.000000 1.000000 0.000000 0.000000 50.000000 0.000000
1.000000 0.000000 0.000000 5.874778 0.000000 1.000000 0.000000 0.000000 50.000000 0.000000
