460 46 10 100
R_HFE_des_th R_HFE_des_thd R_HFE_des_thdd R_HFE_uff R_HFE_vff R_KFE_des_th R_KFE_des_thd R_KFE_des_thdd R_KFE_uff R_KFE_vff
1.000000 0.000000 0.000000 0.000000 0.000000 1.000000 0.000000 0.000000 50.000000 0.000000
0.999992 -0.003192 -0.935698 0.000000 0.000000 1.000000 0.000000 0.000000 50.000000 0.000000
0.999877 -0.023831 -3.408336 0.000000 0.000000 1.000000 0.000000 0.000000 50.000000 0.000000
0.999413 -0.074947 -6.959329 0.000000 0.000000 1.000000 0.000000 0.000000 50.000000 0.000000
0.998247 -0.165262 -11.185390 0.000000 0.000000 1.000000 0.000000 0.000000 50.000000 0.000000
0.995960 -0.299730 -15.735833 0.000000 0.000000 1.000000 0.000000 0.000000 50.000000 0.000000
0.992100 -0.480052 -20.309880 0.000000 0.000000 1.000000 0.000000 0.000000 50.000000 0.000000
0.986210 -0.705156 -24.653959 0.000000 0.000000 1.000000 0.000000 0.000000 50.000000 0.000000
0.977858 -0.971663 -28.559008 0.000000 0.000000 1.000000 0.000000 0.000000 50.000000 0.000000
0.966656 -1.274311 -31.857778 0.000000 0.000000 1.000000 0.000000 0.000000 50.000000 0.000000
0.952274 -1.606366 -34.422134 0.000000 0.000000 1.000000 0.000000 0.000000 50.000000 0.000000
0.934457 -1.959996 -36.160359 0.000000 0.000000 1.000000 0.000000 0.000000 50.000000 0.000000
0.913031 -2.326623 -37.014455 0.000000 0.000000 1.000000 0.000000 0.000000 50.000000 0.000000
0.887911 -2.697245 -36.957446 0.000000 0.000000 1.000000 0.000000 0.000000 50.000000 0.000000
0.859103 -3.062736 -35.990682 0.000000 0.000000 1.000000 0.000000 0.000000 50.000000 0.000000
0.826703 -3.414114 -34.141137 0.000000 0.000000 1.000000 0.000000 0.000000 50.000000 0.000000
0.790896 -3.742781 -31.458717 0.000000 0.000000 1.000000 0.000000 0.000000 50.000000 0.000000
0.751950 -4.040744 -28.013559 0.000000 0.000000 1.000000 0.000000 0.000000 50.000000 0.000000
0.710208 -4.300800 -23.893333 0.000000 0.000000 1.000000 0.000000 0.000000 50.000000 0.000000
0.666081 -4.516700 -19.200548 0.000000 0.000000 1.000000 0.000000 0.000000 50.000000 0.000000
0.620039 -4.683284 -14.049851 0.000000 0.000000 1.000000 0.000000 0.000000 50.000000 0.000000
0.572593 -4.796584 -8.565328 0.000000 0.000000 1.000000 0.000000 0.000000 50.000000 0.000000
0.524294 -4.853913 -2.877814 0.000000 0.000000 1.000000 0.000000 0.000000 50.000000 0.000000
0.475706 -4.853913 2.877814 0.000000 0.000000 1.000000 0.000000 0.000000 50.000000 0.000000
0.427407 -4.796584 8.565328 0.000000 0.000000 1.000000 0.000000 0.000000 50.000000 0.000000
0.379961 -4.683284 14.049851 0.000000 0.000000 1.000000 0.000000 0.000000 50.000000 0.000000
0.333919 -4.516700 19.200548 0.000000 0.000000 1.000000 0.000000 0.000000 50.000000 0.000000
0.289792 -4.300800 23.893333 0.000000 0.000000 1.000000 0.000000 0.000000 50.000000 0.000000
0.248050 -4.040744 28.013559 0.000000 0.000000 1.000000 0.000000 0.000000 50.000000 0.000000
0.209104 -3.742781 31.458717 0.000000 0.000000 1.000000 0.000000 0.000000 50.000000 0.000000
0.173297 -3.414114 34.141137 0.000000 0.000000 1.000000 0.000000 0.000000 50.000000 0.000000
0.140897 -3.062736 35.990682 0.000000 0.000000 1.000000 0.000000 0.000000 50.000000 0.000000
0.112089 -2.697245 36.957446 0.000000 0.000000 1.000000 0.000000 0.000000 50.000000 0.000000
0.086969 -2.326623 37.014455 0.000000 0.000000 1.000000 0.000000 0.000000 50.000000 0.000000
0.065543 -1.959996 36.160359 0.000000 0.000000 1.000000 0.000000 0.000000 50.000000 0.000000
0.047726 -1.606366 34.422134 0.000000 0.000000 1.000000 0.000000 0.000000 50.000000 0.000000
0.033344 -1.274311 31.857778 0.000000 0.000000 1.000000 0.000000 0.000000 50.000000 0.000000
0.022142 -0.971663 28.559008 0.000000 0.000000 1.000000 0.000000 0.000000 50.000000 0.000000
0.013790 -0.705156 24.653959 0.000000 0.000000 1.000000 0.000000 0.000000 50.000000 0.000000
0.007900 -0.480052 20.309880 0.000000 0.000000 1.000000 0.000000 0.000000 50.000000 0.000000
0.004040 -0.299730 15.735833 0.000000 0.000000 1.000000 0.000000 0.000000 50.000000 0.000000
0.001753 -0.165262 11.185390 0.000000 0.000000 1.000000 0.000000 0.000000 50.000000 0.000000
0.000587 -0.074947 6.959329 0.000000 0.000000 1.000000 0.000000 0.000000 50.000000 0.000000
0.000123 -0.023831 3.408336 0.000000 0.000000 1.000000 0.000000 0.000000 50.000000 0.000000
0.000008 -0.003192 0.935698 0.000000 0.000000 1.000000 0.000000 0.000000 50.000000 0.000000
0.000000 0.000000 0.000000 0.000000 0.000000 1.000000 0.000000 0.000000 50.000000 0.000000
